556.27
431.96
560.46
431.38
562.72
422.16
562.50
458.30
417.12
446.29
391.70
413.42
470.37
533.92
476.98
554.76
540.17
473.61
543.79
528.29
485.05
408.35
415.11
466.39
542.45
182.70
459.78
486.32
404.96
536.32
459.14
470.66
467.44
408.43
478.02
484.17
481.18
416.36
525.19
475.55
413.78
419.92
485.88
479.58
404.53
413.43
551.85
403.05
479.50
443.21
532.06
499.87
446.35
537.61
497.47
490.59
547.07
461.41
407.03
540.36
408.75
182.41
500.30
399.46
542.18
488.47
451.59
533.92
552.89
551.24
442.70
468.43
413.96
559.42
483.01
515.91
427.83
483.53
474.83
464.67
487.36
481.40
481.68
431.80
472.04
545.51
406.54
499.86
397.64
440.99
416.25
447.65
513.18
397.04
465.65
477.20
493.20
464.62
486.92
470.36
973.63
1405.83
999.70
1573.27
1274.65
846.74
1262.14
1389.92
966.75
1252.59
916.38
1397.13
1374.64
1413.31
1419.37
1334.73
1001.74
910.51
1193.06
928.92
1533.78
1458.89
1018.97
1264.95
937.12
1483.44
931.45
385.14
835.22
980.24
1331.55
1096.68
1178.10
415.34
1261.18
902.56
1088.10
1328.24
1331.82
1068.87
939.17
1094.85
1204.63
961.82
1190.95
1317.24
1524.39
1440.36
1060.16
1317.77
1049.02
1417.45
1141.74
1353.54
1197.29
1038.70
1287.41
1157.10
930.74
906.80
1247.90
783.24
1217.26
1032.42
1341.84
1331.54
902.56
367.78
1534.17
651.49
866.31
1101.82
1005.82
1114.27
1183.49
1342.43
1427.35
948.43
850.66
928.35
1389.41
1187.48
1062.74
1549.19
1210.54
1024.67
961.37
1064.45
1000.66
1353.55
1433.39
1247.56
1120.14
814.96
751.12
1218.44
1175.77
806.72
824.78
1051.20
1675.09
1534.33
1420.84
1155.17
1528.29
1690.55
1273.29
1085.75
1155.06
1792.71
1606.06
1517.21
1563.52
1232.16
1788.08
1782.13
1568.91
1247.73
1638.82
1645.67
1163.83
1425.66
1899.38
1776.72
1521.81
528.83
1312.97
1679.59
1197.64
1725.94
828.11
1607.58
1249.45
716.70
1118.46
1796.14
1235.45
1686.00
1719.79
1566.52
1253.68
1506.35
969.91
1625.54
1610.66
1816.82
1750.01
1906.41
1545.68
1866.09
1296.93
567.11
1770.55
1546.34
1827.75
1192.50
1516.60
1025.59
1449.62
1296.47
1506.82
768.92
1935.74
1297.93
1611.02
1737.17
1812.26
1238.18
1455.86
1963.89
1701.03
1871.77
1553.10
1123.56
1025.38
1111.86
1961.96
1307.40
1597.50
1113.14
1794.76
1206.90
1419.08
1674.05
1678.68
1756.43
1807.80
517.95
1758.37
1186.16
1766.47
1800.44
1774.80
1807.00
1203.93
1362.85
1168.84
872.47
1560.38
1739.22
1409.34
1159.10
1204.91
1031.48
1185.56
989.19
984.22
1256.81
1267.03
1463.27
1061.17
1173.33
1136.98
1120.82
1101.02
1053.33
1203.26
864.98
1079.91
1027.38
1419.64
1016.29
991.04
1272.56
1337.23
1082.39
1329.17
1465.90
1039.35
1142.63
755.31
828.78
896.45
1567.01
1256.87
1022.90
975.27
344.80
1166.20
1245.70
853.27
1021.05
1241.77
1400.12
1099.20
1115.71
1316.39
804.72
1034.75
1255.11
1554.50
1149.97
906.99
1252.38
860.88
918.09
1211.32
1302.37
828.42
910.10
966.31
1065.78
1574.86
1286.62
792.69
1500.24
1414.60
997.97
907.98
1092.45
1211.37
1040.44
1304.95
1217.60
1267.25
1227.70
1234.35
849.52
977.50
1328.86
948.30
1210.71
1197.93
819.13
1232.98
985.91
1562.81
742.13
1052.22
1306.57
918.93
1173.34
941.72
1198.77
1587.89
1273.63
1276.30
1053.38
1259.73
1500.65
532.47
378.07
486.76
537.77
416.04
328.22
484.90
446.55
305.73
556.08
398.13
476.05
436.88
453.83
426.59
337.19
604.40
301.48
592.24
280.50
486.96
326.50
391.31
432.76
390.92
408.50
557.09
399.17
271.83
604.18
283.89
409.11
486.40
482.97
354.10
647.00
402.49
451.70
403.82
452.11
483.34
490.76
355.08
354.30
322.11
552.18
323.16
419.11
572.96
362.88
621.75
625.52
687.66
838.65
1121.83
860.79
1068.68
956.51
723.40
813.04
1074.67
1044.22
966.07
921.89
1227.22
769.68
1096.86
1107.64
1136.25
629.41
922.14
978.05
1163.77
1018.88
973.36
1065.62
1093.56
1183.42
1102.87
710.69
363.05
925.68
624.47
661.48
1048.36
923.12
1217.21
1025.66
938.76
1205.65
727.96
744.74
751.05
1000.80
733.01
638.14
1080.90
945.61
1057.81
965.68
1052.49
1018.73
870.44
583.76
1059.48
249.82
1050.42
823.95
1022.96
792.76
971.18
916.85
849.26
702.87
609.87
999.91
939.49
1212.58
992.72
737.08
1135.63
1014.82
1204.41
705.22
786.17
699.45
833.79
851.50
1102.97
675.22
857.02
1081.28
877.63
902.47
647.11
852.49
1178.25
659.49
1162.67
822.37
890.76
1027.29
916.17
545.37
729.37
694.42
1181.19
1175.35
711.67
1041.57
1285.49
1087.44
1187.79
1411.82
1106.22
744.78
875.58
988.05
1045.35
1209.87
955.85
1240.30
1056.74
941.81
1244.35
895.67
896.00
826.72
1030.45
1375.28
862.00
834.02
1020.24
1493.06
1170.61
900.38
1384.01
872.97
1309.48
850.35
830.27
1095.56
843.02
837.65
965.32
1310.15
1376.66
1053.27
1039.53
1171.70
1446.83
1075.21
1096.30
1483.23
932.62
501.06
1251.32
1152.17
955.20
1139.82
1376.19
957.89
1521.58
1215.57
810.62
1227.82
1006.77
814.45
928.61
1322.65
1080.73
1088.66
1059.08
1457.65
1231.73
1047.23
1027.48
1180.37
1293.92
907.38
1487.47
712.21
1200.39
754.40
1023.83
1178.53
1405.38
932.72
1484.20
986.21
971.79
379.83
906.82
1284.44
1027.46
928.27
1369.56
1227.15
889.01
1401.58
751.36
1145.20
955.56
1063.06
1105.15
1059.93
889.47
1308.46
1285.42
944.85
1683.74
1659.80
1769.12
1711.39
1794.92
1855.38
1786.27
2322.10
2019.21
2351.64
2199.70
2214.85
1627.88
2389.74
1746.19
1800.72
1681.45
1791.70
1839.61
2012.65
1671.97
1840.06
1608.80
1891.44
1760.57
1832.08
1664.64
2057.49
1748.74
2138.49
1721.35
1780.17
2234.18
2321.08
2066.27
1767.12
1710.16
1812.41
1725.92
1731.35
1775.08
1797.82
2285.96
1754.29
1813.50
1650.98
1872.11
1769.13
1794.12
2107.15
1721.20
1953.77
1629.59
1789.79
1823.08
1747.17
2286.88
2007.76
1706.61
1607.80
1841.89
1895.04
1868.04
1640.65
2364.09
2066.43
2266.09
1757.54
1636.47
1710.87
1741.44
1669.46
1826.74
2386.38
1782.80
2068.75
1746.85
2101.62
1925.78
1703.57
1695.18
1592.24
1843.72
1713.79
653.29
1684.77
1997.92
1627.46
1686.17
2064.59
690.79
2171.29
1786.98
1854.37
1837.71
1874.40
1999.26
2001.76
662.58
1663.18
1373.30
1163.04
1036.41
1926.70
1295.00
946.05
1236.60
1265.55
856.78
1393.54
1711.00
1601.76
1943.43
1656.10
1474.22
2106.38
1576.86
1630.51
1884.94
1394.01
1345.09
2290.60
1850.00
1719.60
1660.35
1442.46
1580.61
964.01
1877.38
1313.85
1840.37
1572.18
1484.57
921.34
1371.01
1739.24
825.99
1810.58
1612.88
606.26
1649.41
1725.47
1281.95
845.42
1290.48
1635.29
2021.05
912.83
1638.30
1493.18
679.78
1278.15
1393.01
1841.31
1538.25
1155.43
1333.91
1924.48
1285.28
2086.50
1298.94
1217.83
700.89
417.76
1375.62
1138.96
1248.67
1829.46
1378.88
986.17
1435.01
1393.93
1277.37
663.82
1528.16
1536.07
1320.47
1742.88
860.61
1563.33
1287.70
1135.60
1423.75
1638.80
705.20
1495.65
1308.13
1713.35
1179.26
1869.67
1812.14
1015.35
1415.42
1279.76
1328.91
1765.60
1831.39
1155.82
882.74
1145.46
1665.94
1883.98
1657.66
1844.71
2095.18
1752.03
1654.28
1815.72
1357.97
1738.26
1269.40
1046.85
1164.47
1301.36
1353.84
1330.83
1454.68
1365.75
1525.00
1607.98
1112.55
1471.01
1627.61
1311.86
1059.20
1790.68
1210.66
1544.85
1476.58
1737.38
794.11
1354.79
1342.58
925.37
786.88
1401.10
1116.70
1091.51
1770.11
1060.66
922.83
1259.90
961.91
1734.68
1250.55
1778.27
2038.25
1249.77
989.47
1739.31
1695.13
1621.71
1508.43
1800.90
1458.22
843.97
1514.50
871.10
1349.66
1867.92
1918.91
909.52
736.48
1314.09
1559.16
1259.86
980.34
1585.10
1550.35
1778.85
1640.03
2073.04
1138.68
1543.32
1260.61
1358.16
1598.78
2130.27
1493.34
1747.20
1124.60
1928.09
1954.14
1543.85
1658.87
1458.55
760.28
895.76
1013.28
1435.39
1950.65
1495.40
1288.94
1273.54
1206.49
1423.22
1617.16
1734.30
1168.10
1580.90
1354.86
1326.02
1950.44
1442.64
1181.67
1699.74
1388.98
1651.79
1620.63
1948.81
1491.12
1530.10
1868.26
1482.39
1763.06
2262.24
1811.32
1780.29
1626.90
1183.05
1047.26
2230.54
2323.37
1639.63
1195.33
1765.51
1047.12
753.43
1363.28
1417.81
1157.63
1241.82
1374.83
1636.61
1956.74
1494.54
1478.10
2111.81
2005.92
1723.04
1541.57
1603.63
1728.54
1372.11
2168.12
1737.12
1121.65
1739.90
1832.22
2085.40
899.23
904.65
1891.04
1611.93
1781.12
2121.90
1525.04
1859.68
1599.60
1837.06
1328.14
1828.10
1009.26
1464.98
1698.70
703.20
1156.31
1550.87
1149.22
1745.90
1699.12
1014.55
1552.22
1856.53
890.84
1333.72
1743.73
1745.69
1717.74
1273.06
920.27
1056.15
875.50
1332.94
1453.86
1054.54
714.75
1203.34
1237.27
1692.95
1337.10
992.82
861.70
1252.33
1202.07
1542.54
843.66
1306.91
1214.04
1773.95
934.03
1439.49
1010.34
2085.84
1398.70
1571.41
1609.96
1569.37
484.76
1881.47
1743.15
1216.09
1187.96
1701.49
1585.08
1107.19
1565.49
1749.26
1738.98
1543.13
587.79
1748.23
964.48
1500.90
1296.95
1581.41
1171.00
1607.96
1867.85
1182.17
1456.63
1358.99
1660.90
1641.47
1386.07
771.97
1155.74
2065.79
1698.24
1028.47
1866.10
1249.16
1137.59
1394.81
1419.79
1487.10
678.96
1144.69
1879.56
1828.17
1108.90
1205.15
1991.48
1274.47
1407.55
1842.12
1700.54
1395.93
1041.65
1854.76
1438.92
1781.79
1637.31
1546.63
1516.79
1481.97
1842.45
1013.35
1792.28
1427.33
1362.31
1335.25
1982.34
948.80
1768.46
1251.34
2096.00
2149.03
1427.74
1590.07
1307.55
1744.01
1521.43
1138.02
961.80
1221.19
1295.50
1350.79
1661.00
1789.90
1365.61
1124.66
1297.76
1127.75
1502.11
1246.10
1676.85
1727.98
1789.05
1112.13
1603.38
1612.42
533.67
2075.52
1396.71
1578.61
1639.61
1728.19
1990.61
1115.16
866.66
1284.11
956.36
1737.20
734.89
1916.23
693.40
1327.44
1634.64
1572.82
1541.37
1554.21
1352.05
1758.71
1208.98
1704.24
1670.21
1360.11
1949.11
1804.29
801.15
1679.41
857.37
1507.93
737.82
1846.06
996.12
1377.45
1338.23
1159.08
1688.66
1046.46
1654.38
1739.75
1667.59
1994.51
1816.67
1455.04
1351.87
1200.60
1610.45
1223.60
1565.40
1372.86
906.92
1045.62
1420.10
1198.71
1869.89
1286.43
1826.55
700.29
1885.87
1431.19
1953.42
1683.49
697.08
1028.02
1788.78
814.32
1222.82
1532.14
1342.19
1738.01
1329.36
1905.17
1271.08
1623.24
906.01
1489.53
1375.70
1242.65
1354.94
1436.54
1698.35
728.20
1171.05
958.10
1484.79
1352.96
868.30
1336.52
865.63
1188.43
1205.43
1546.44
1883.39
1662.02
2370.42
1275.51
2041.69
1752.30
1108.85
1288.76
919.78
1113.90
1641.84
1217.09
1885.46
1526.38
1640.40
893.87
1718.04
1291.92
1722.41
1551.17
1862.99
1303.18
1585.97
996.39
1414.16
1223.01
1205.63
1703.59
1336.27
1691.34
1772.25
1064.08
1306.10
1523.20
962.39
1626.42
1274.43
1022.75
1497.96
1390.03
1830.48
1178.92
664.65
1246.86
1459.57
1820.26
1848.73
1758.48
1262.22
677.20
1489.29
1739.04
1354.15
1444.85
2024.51
1394.29
1659.74
1372.32
1662.89
2009.17
1695.56
1530.40
1191.60
938.94
1169.46
1362.42
1572.57
1130.34
1877.83
1371.58
1054.18
1486.58
1696.77
1480.98
1273.71
1063.60
1487.44
1254.03
895.48
1369.23
1033.49
1457.09
1309.48
1183.40
1702.89
1213.39
1363.26
1385.63
1124.92
1299.71
1739.38
947.72
1591.71
1038.81
780.93
1188.52
1058.55
1396.46
1129.64
1663.80
1311.57
1376.55
1115.35
1858.12
1220.57
1650.54
1208.56
1670.91
2133.97
1842.04
1604.42
1309.87
812.22
1620.45
1442.30
1427.85
1192.85
1667.63
1780.96
1610.34
1447.56
1499.34
1183.54
1673.38
1914.37
1806.98
1234.55
1381.36
1535.53
1620.49
1538.76
907.23
1658.35
1434.03
1842.04
1430.94
1127.70
1670.46
1701.30
1386.62
1830.79
1408.28
1567.85
855.85
1409.08
1782.96
1619.06
1747.45
1785.21
1541.97
1346.37
1827.30
1358.12
1613.04
1445.97
1455.52
1686.55
1776.25
1027.14
912.34
1544.80
1468.76
1367.40
605.09
1286.84
1007.97
1117.52
1727.57
1059.55
1647.41
1815.34
1781.03
1402.93
1851.46
1478.78
1202.73
1547.34
1933.99
1506.19
1618.43
735.22
1215.00
819.63
1585.32
1523.07
1173.09
1278.69
1698.25
1613.65
1162.27
1741.95
1323.48
1425.66
1677.55
1022.02
1882.33
1354.33
1907.09
1109.87
2128.15
1488.08
2087.98
1193.83
1198.51
2062.72
1616.79
1495.25
929.12
1226.41
1739.48
1536.65
1699.12
1286.98
655.11
1522.47
1067.31
1224.27
1353.36
2296.75
1218.63
1427.60
1582.12
1253.55
894.47
1404.74
1300.27
1347.32
1491.90
1195.17
1073.14
1503.99
1335.70
1646.93
1526.01
1834.22
1462.65
1169.38
1117.47
1435.94
1688.46
1674.80
1475.00
1525.10
360.29
711.40
1144.12
970.15
1350.44
1500.57
1635.94
1748.93
1243.56
1739.33
947.43
1599.46
1832.11
982.75
2084.92
1314.27
1806.54
852.21
830.14
1455.11
1222.70
1936.33
1214.32
1694.18
1553.30
1301.84
1679.10
1223.67
1105.94
1973.33
1741.21
774.39
1218.42
950.55
1088.07
1091.00
1378.88
1588.86
1517.70
1579.14
849.88
990.93
766.80
1472.14
1108.89
1520.14
1194.55
2011.73
1598.06
505.65
1542.53
1100.15
842.03
1278.06
1384.03
1114.76
1770.36
827.37
1469.13
978.54
640.18
1404.25
1275.52
1328.28
1501.31
1148.82
1732.43
576.97
714.24
1881.48
1721.96
895.66
791.10
1109.95
1316.66
1510.69
1378.17
1821.56
680.38
1285.85
1031.26
1455.65
1655.97
1704.75
1668.20
1672.95
1766.31
1411.22
1828.84
1297.06
1606.69
1079.64
1431.09
1512.55
967.61
1423.13
1474.55
1522.58
1637.89
1377.72
1728.02
1414.97
1234.78
1203.90
1288.25
1106.17
1793.39
1663.00
1412.34
1469.12
2104.05
1954.78
1885.61
661.15
1203.86
1306.65
2099.67
1448.64
1155.09
1518.79
1062.01
1789.02
1802.88
1802.13
1679.21
1518.44
1139.85
2126.96
1841.32
298.01
1218.21
1074.18
1299.94
1414.90
1483.82
1355.22
1761.67
1494.40
1895.95
1494.68
922.20
551.66
1684.26
1049.41
1530.43
1648.60
1152.67
793.88
1027.27
1275.46
1198.05
1662.83
1183.63
1621.60
1554.09
856.56
1547.48
1391.64
1402.17
1327.56
1159.64
1832.06
1541.87
1846.23
2003.99
1866.18
1464.44
1279.68
1285.18
1428.33
1449.63
1752.93
1793.90
854.10
1690.59
1927.67
1647.31
1769.09
1244.40
1272.24
1277.52
1073.98
1733.87
929.03
528.84
1133.30
809.14
1187.40
1135.41
1059.92
897.02
1017.55
1389.53
1249.82
784.69
1365.39
1535.16
1040.17
1683.42
1826.31
1409.81
1541.10
621.74
1424.05
1293.30
1095.52
1345.56
1415.80
1164.84
1914.10
647.33
1530.20
946.96
2353.55
1159.13
1966.73
1203.64
1269.77
1247.15
1710.33
881.70
1311.84
749.14
1443.23
1681.33
1962.98
826.54
1772.14
931.20
1244.53
1187.18
1189.72
1768.32
1427.87
1511.11
1633.29
1052.94
808.27
1293.91
1998.31
1703.87
1253.70
2162.67
2057.83
1640.92
1091.99
1542.39
1660.88
1037.10
1595.33
1231.59
1529.45
1327.34
1362.04
1537.33
1527.01
1329.14
1772.21
1698.37
1663.27
1319.95
1021.94
1573.86
1913.37
888.40
1655.29
1191.82
1107.45
1690.53
1689.93
1790.13
1204.99
1262.05
1335.82
1220.18
1655.23
1326.29
2053.71
745.77
1369.50
1346.67
1433.53
1314.33
1751.35
2006.70
1569.25
1153.57
1337.66
1753.58
2019.12
680.18
2277.40
870.73
926.72
1696.58
1176.10
1553.13
795.29
2066.52
1645.81
1953.84
1920.13
1257.86
1721.72
1629.39
1957.91
1687.73
1458.62
1074.16
1010.77
1470.62
1007.02
1653.63
1467.27
1363.94
2347.39
1615.44
1596.56
1535.78
1228.98
1847.09
1810.51
1949.07
818.27
1171.10
1003.37
1545.44
1886.82
1764.19
1484.08
1999.26
1538.95
1386.52
1577.81
1732.52
1646.85
1919.07
1138.43
1246.27
961.91
1737.45
657.38
1691.39
895.74
1327.89
1051.74
1022.83
1094.11
1145.12
656.99
1271.72
1231.48
1661.76
1087.27
885.89
1109.21
1707.88
335.15
879.30
1627.25
1816.93
1436.52
1604.13
1709.37
1855.52
1639.41
1694.93
1700.34
1205.34
1770.49
1583.02
1299.30
959.36
1222.03
1249.15
1424.44
792.48
1616.05
1870.13
1584.02
1344.58
1432.33
1127.89
1714.51
2153.97
1334.81
1218.77
1899.20
989.98
1198.20
1350.11
1518.26
1138.89
1111.50
2059.59
1398.05
2426.57
1518.39
1432.83
1640.48
1656.57
1965.80
1722.39
1636.67
1622.76
1241.18
1826.62
1463.86
1556.51
1355.98
1471.99
1565.56
1368.23
519.79
870.08
1770.04
1679.46
1002.67
980.35
1200.62
1408.24
1283.91
812.95
861.57
1557.66
1837.03
1523.63
1489.34
2079.29
1757.60
1939.40
1270.00
1382.56
506.26
1302.50
1207.29
1901.22
888.48
1519.39
898.10
1721.54
818.56
1404.64
1566.17
1151.40
1562.31
1715.25
789.24
1276.44
1303.41
1368.46
1397.38
1490.89
903.72
1369.36
1489.84
474.05
942.41
1669.77
1492.94
1023.11
1279.59
1897.64
888.43
913.47
1541.68
1730.62
1751.40
1640.52
1860.03
1335.49
1513.14
1381.08
1647.00
1695.77
1600.25
1676.75
1861.09
812.49
1770.44
1184.89
1514.97
1605.39
953.29
1344.93
1668.89
1513.01
1002.20
1431.28
1882.54
1376.16
1080.31
1359.17
1465.02
1522.45
1752.25
1924.88
814.62
204.10
992.14
1632.64
1745.60
792.42
1637.46
1421.63
1954.30
1822.94
1784.57
903.60
1957.64
1782.83
1563.16
1769.93
1874.80
1222.27
1916.22
1404.46
1125.65
1315.50
1107.43
1540.70
1619.80
1840.03
1213.02
1447.93
591.15
1789.51
1434.42
1437.43
748.75
1053.87
1789.68
1640.82
1765.09
1143.09
1899.90
1242.06
1033.16
1892.78
1414.71
1155.60
881.63
1083.57
1787.68
1987.67
1356.97
712.53
1235.41
930.68
1059.63
1784.81
1218.00
1269.18
1257.14
1429.34
1452.57
1841.88
990.92
1396.47
1914.80
1703.06
666.93
1853.54
1514.03
1808.37
1832.62
1001.11
1194.52
808.03
1813.90
1766.93
930.51
1249.97
1746.97
767.65
1055.78
1051.90
1501.65
1609.95
1774.10
1109.27
1297.99
1249.18
1548.21
1868.11
938.44
1745.93
1268.14
1305.54
812.96
1757.49
1651.60
1966.75
1756.53
931.52
1667.67
1103.52
1833.95
1458.02
1662.93
1778.19
867.41
1001.71
1121.99
1140.88
1299.97
1384.93
1851.79
1409.48
1337.97
1404.34
1313.71
1399.29
1416.75
1910.51
1254.88
1788.97
1571.86
1754.31
1444.50
1173.57
1367.25
1949.01
1645.42
1025.35
1603.32
1580.87
2043.04
1645.06
1504.78
1673.12
1373.91
1421.41
1643.91
1843.44
1086.33
1516.45
1066.51
1812.57
1910.60
698.88
1467.59
1988.79
1803.41
1336.05
1304.49
939.88
1213.28
1734.20
1284.08
1706.04
1285.52
973.47
1366.15
1575.26
1272.78
1672.71
1166.79
600.07
1046.12
1810.55
1568.33
1556.91
1668.91
1783.04
1204.31
1480.59
1795.53
1616.87
1220.94
1459.78
1279.46
1477.01
1232.71
1425.45
1556.48
1209.75
1030.98
807.49
1696.95
1049.91
1664.97
1026.17
1098.05
1486.48
1508.64
1178.40
1216.56
1835.56
988.61
2017.05
1146.83
967.96
1743.63
1100.34
1792.55
2001.33
1145.32
1905.80
1592.80
1977.40
909.62
682.64
1134.35
1457.23
1818.79
887.22
1808.47
1892.29
1230.94
1660.90
965.42
763.32
1645.80
899.75
424.78
1108.86
1759.26
1586.74
1661.79
1995.89
1750.39
1832.07
1718.13
1439.57
1269.68
1790.17
1032.61
1464.41
1553.48
1823.85
1382.37
1734.50
1147.45
1401.17
1591.93
1346.40
1335.69
1021.70
1856.38
1135.81
1760.27
2064.74
943.14
1969.80
416.48
1841.13
1122.11
1763.22
1842.97
971.29
1750.21
1835.35
1594.88
1622.76
845.44
1551.39
1571.23
1461.19
1260.81
1882.97
1016.01
1882.62
1662.21
1177.41
485.98
1864.66
706.67
545.52
1413.40
1085.64
1827.27
1595.20
1552.63
1902.29
1445.51
1480.13
1549.49
1156.50
1049.39
1684.14
1006.85
1677.56
1204.48
1333.21
1738.85
1731.30
1540.57
951.42
623.77
1380.73
1771.02
1048.93
855.31
1150.99
1190.39
1282.73
1090.02
1588.73
1436.08
1890.95
1029.73
1942.02
955.94
1716.96
2044.99
1660.23
1108.72
1479.04
976.19
1595.62
1286.53
941.92
1674.33
1101.47
1041.05
803.64
1090.23
637.69
2423.07
1951.11
1703.69
1415.01
1158.22
807.21
1571.15
1696.81
1175.41
699.58
1589.30
1672.20
737.49
1246.19
960.08
1141.92
1252.18
1835.68
473.87
769.35
1100.78
1693.75
1489.99
1749.69
1992.53
1249.75
1554.49
2004.66
1262.61
1048.17
1142.34
1836.50
1275.82
1635.32
1202.46
1612.33
1719.53
1687.50
1042.53
1941.02
1812.37
1316.93
1777.48
1409.93
1137.42
1962.88
1329.83
1174.02
1541.19
1755.71
1402.52
760.81
1516.44
999.52
1101.95
500.85
1502.64
1905.98
1578.29
1222.51
1323.34
1803.90
1899.03
1535.31
1138.81
1416.12
842.58
1661.51
1850.25
1173.67
1806.10
1174.38
1743.99
1538.57
1581.13
943.74
1041.66
1501.86
2004.04
1513.17
1238.58
610.38
1180.85
1229.53
1982.29
1528.29
1755.31
1545.51
1048.39
1690.25
1301.28
1612.26
1182.98
1502.71
1091.01
1158.16
1507.38
1592.14
1596.61
1563.48
1673.40
1203.37
958.31
1107.48
1749.07
1752.41
1643.50
1374.80
1285.76
1363.02
913.51
1574.93
924.38
1974.75
1008.71
1616.73
868.03
1433.97
1033.52
804.96
552.38
1765.09
1832.86
878.40
1329.62
1594.10
2074.56
1316.38
1957.17
1554.97
1560.74
1549.82
1530.33
1731.89
1184.95
834.73
2084.63
1666.82
1457.16
1750.77
2004.71
1477.42
1648.16
1677.46
1399.63
1165.92
1263.35
1264.70
1690.65
1395.52
2073.05
1518.42
1590.66
1642.04
1730.30
532.02
1849.00
1159.45
1398.51
1385.28
1697.99
1645.24
829.71
1291.73
1243.67
2136.38
1739.67
1069.09
1698.39
1730.22
1682.18
1439.99
1083.05
1054.03
1651.00
682.17
2086.29
1978.89
1694.25
1856.77
1505.86
1625.26
1522.03
1920.48
534.55
1720.86
1173.11
1120.21
1965.33
640.91
1326.97
1657.67
1721.52
1622.04
1449.20
1499.25
1470.65
1728.63
1061.13
1231.19
1237.33
1283.99
844.97
909.25
797.31
1656.79
815.86
1509.99
1038.47
1626.71
1997.12
1782.61
1539.96
1934.97
1519.83
1313.55
1618.14
1935.48
1008.33
798.02
1212.27
1385.73
1701.49
1698.40
2420.95
889.72
744.12
1834.95
1016.31
1901.12
1048.47
2022.42
1260.62
1646.93
1328.66
1229.92
1205.39
1486.49
1688.73
1285.58
2256.95
1459.00
1398.98
1667.53
1702.67
2025.87
1737.46
1517.07
1142.29
2206.55
1114.22
961.28
1504.51
1241.81
1599.59
1058.03
1223.01
1368.95
1695.85
1498.32
1577.08
1286.82
1321.80
1582.66
738.69
1691.75
1413.21
1695.10
1954.91
801.38
787.35
1638.98
1965.86
975.74
1938.98
962.62
1134.40
1344.38
971.73
1735.81
1483.96
980.14
1941.89
733.15
1413.70
1076.12
918.37
1548.78
1548.75
1972.96
1488.11
1756.19
1710.90
1170.76
1847.51
1733.00
1601.96
1850.59
621.20
1868.50
1266.37
1777.87
744.36
874.68
1740.31
1810.29
1422.90
1038.31
1539.20
1962.77
1758.60
1255.89
1710.45
1492.39
1152.90
1573.12
1707.86
1554.04
1215.27
1179.84
1019.90
1828.91
1859.19
1378.83
2038.80
2211.58
1693.32
1627.00
1666.23
970.78
1048.33
1434.50
935.86
1546.34
1456.67
2067.14
1024.61
1478.45
1696.45
1667.42
1787.01
1412.62
1872.82
290.70
884.82
812.39
1421.69
979.07
2073.36
714.19
1878.08
1657.24
1312.17
1214.99
621.11
1093.00
1731.18
1504.13
1697.37
961.03
1025.04
1390.02
1169.75
1581.64
1181.33
980.35
1500.43
1441.63
1907.26
1062.55
1296.11
709.18
923.67
1461.34
1557.37
1705.29
1483.57
1674.68
1443.67
1877.37
896.88
1224.30
1972.56
1564.24
1623.38
468.46
1421.43
1828.20
523.42
1906.87
1844.44
1204.75
1501.99
1143.29
1774.72
1175.54
1610.72
1540.86
1361.60
891.78
1828.15
1538.65
1676.30
880.16
1232.52
2028.28
347.60
1597.33
1911.77
1102.46
1268.17
1936.64
1715.33
1056.74
1633.10
1303.47
1032.13
1348.08
1853.18
1094.72
1200.50
2057.46
1543.98
1201.67
1727.67
1490.39
1311.80
989.29
1359.60
1103.41
902.44
1378.56
1293.80
666.93
1645.62
675.85
1622.55
1271.62
1700.14
1692.56
1876.24
1531.61
1535.34
677.60
987.21
1460.64
1902.31
1305.45
1683.29
1936.06
709.80
1328.23
1578.35
1243.44
1535.89
635.92
2373.74
1384.76
1087.65
946.25
360.14
1832.13
1389.55
1327.16
1788.96
2138.79
1362.30
1668.00
1513.64
1183.45
1824.33
1575.10
1623.18
1430.50
1479.63
2100.80
1486.16
1567.31
1154.35
1104.91
1829.85
1735.23
1508.38
1159.08
1822.12
1378.10
1517.09
1591.32
1527.82
1539.63
1202.16
1415.34
1296.57
2079.17
1230.64
1869.36
1753.92
1347.91
1720.86
1280.94
1382.30
1478.88
1545.07
1512.99
1097.32
1202.08
1632.56
1318.92
1879.98
1606.78
1152.96
1030.23
1051.15
1167.08
2059.04
1540.77
1062.43
1965.34
1506.26
1697.78
2125.54
1983.10
1636.48
1637.99
1714.75
1110.75
797.29
1497.32
1707.46
1856.31
1528.16
2163.59
1725.03
1851.98
1188.26
1195.52
1172.60
1803.45
1557.64
1595.25
1204.13
1618.08
1496.78
1046.64
1855.67
1413.05
1995.96
2294.36
1130.65
909.56
1594.00
1932.60
1846.86
1759.17
1066.02
1910.87
1867.41
1784.75
1493.42
1583.45
1679.08
689.72
836.20
1477.08
1090.03
1417.89
1234.59
1830.38
1001.98
1184.88
1373.87
1123.93
1657.46
1581.82
1387.29
1174.27
1757.52
681.88
1516.49
1141.95
1992.37
1390.17
1485.87
1245.50
1363.91
1773.16
1376.54
1261.82
655.88
996.62
1451.99
982.00
1496.73
1546.82
1588.41
1765.63
1903.87
1766.89
1619.28
1809.54
1476.58
1984.79
1482.74
1695.95
1955.85
2086.02
1483.65
1769.93
1539.10
1605.73
1656.40
1236.55
1145.56
2044.05
1661.86
1495.75
1143.26
1659.94
2049.34
1635.83
1746.32
649.49
1938.86
439.85
1724.93
834.54
1167.12
1660.12
977.40
1370.54
759.79
2101.07
1860.17
1753.28
1276.41
1087.86
1513.97
2100.00
1736.99
1424.22
1733.38
1384.38
1141.93
1506.71
1239.55
1462.24
1287.27
1537.60
1938.53
1901.73
1992.56
1517.77
1069.62
1975.08
1138.17
1525.27
1215.32
1818.65
1023.00
1076.47
1211.63
1559.50
1347.35
1634.31
1050.21
1718.51
1709.97
1626.71
2048.66
1506.96
678.17
1261.78
984.57
1346.12
1853.82
1073.87
1708.47
1970.94
997.95
1339.87
1845.03
1752.86
1376.13
1663.40
692.72
1044.10
1306.16
1632.74
1607.00
1610.94
1666.75
1662.84
1356.23
1625.64
900.60
1729.70
1879.68
1895.86
1972.77
1867.46
1556.41
1036.48
1042.55
1404.09
978.37
1268.58
1445.61
1686.55
1082.44
1655.40
2116.72
1070.00
790.85
1032.99
1220.40
1701.56
1343.18
1852.34
1917.08
1664.79
1168.23
1477.20
1180.62
1310.44
1659.72
1288.36
1659.73
1481.06
1168.72
1058.99
1346.93
1027.25
1530.46
1123.94
1126.79
1367.25
1448.82
916.54
1124.91
1563.20
1029.80
854.34
903.55
620.12
1306.15
1882.88
827.05
1642.75
1438.73
1772.65
1663.39
1483.62
2007.38
962.39
1411.34
1928.71
1523.93
1640.82
1264.47
1427.77
1638.56
1286.39
1244.04
1098.33
1586.40
1601.75
1545.93
1142.94
1776.25
932.55
933.17
1139.75
1704.28
1129.43
1204.00
1064.29
1133.71
1413.41
984.84
1081.94
597.60
1515.05
534.77
978.05
1900.58
1036.21
1971.07
1357.43
1653.73
1820.35
1512.14
1084.66
1784.34
1587.30
1894.98
937.15
1233.84
1064.55
1588.30
798.95
1416.61
1504.43
1316.67
1766.15
1201.40
1111.59
1551.29
1632.15
2147.37
2244.23
1560.21
1752.83
1626.75
951.74
1596.86
1107.33
1861.48
910.68
537.17
955.98
1174.48
1721.67
2098.94
1145.25
1353.60
1329.17
1012.33
1440.06
1710.78
1506.05
1577.18
1706.23
905.13
1592.30
965.92
1757.59
1240.67
1223.39
1040.45
1966.57
1334.81
1219.78
1844.16
1627.54
1297.09
1702.84
1492.42
1463.85
2058.27
1654.12
1245.31
1628.45
1409.90
1617.59
1302.20
1793.07
1289.62
1611.67
1586.83
1960.01
1780.45
2192.68
2185.88
897.82
1378.36
1565.67
1414.51
782.67
997.30
1120.83
1954.34
1297.14
1440.46
1878.86
1032.82
1583.53
1627.28
1808.28
796.82
1012.88
1761.18
1802.72
782.44
994.02
1972.15
1750.76
1756.08
1675.10
1277.91
361.12
2079.77
1493.13
1248.66
2300.25
1368.43
847.78
1068.26
1721.26
1749.11
1841.43
1874.76
1021.56
1456.64
1155.55
1527.89
1764.67
1398.66
1714.58
1357.15
1689.08
988.44
860.59
1297.65
1505.72
1832.08
1098.77
1849.58
1284.11
1414.48
1525.93
1606.33
517.20
1101.94
1870.59
1686.28
1244.61
1001.12
1220.28
1307.24
2106.46
921.12
1913.47
1396.76
1723.51
1448.68
2081.16
962.71
1624.44
1345.31
1227.12
1531.86
938.16
1089.15
1599.24
1240.87
846.99
1516.18
1711.63
1743.96
1402.86
1440.11
1315.28
1953.28
1632.99
1602.20
1236.00
1071.28
1888.94
1581.52
1516.92
932.01
1311.49
1864.96
1517.49
1875.22
1832.64
1004.75
1424.74
1797.82
1709.47
1163.71
2020.31
861.00
1549.67
1568.31
1532.50
1279.58
964.77
1139.90
1810.03
843.59
1578.42
679.21
1483.62
1793.71
1322.01
906.91
1604.12
1692.64
1810.31
591.07
1178.53
1195.21
1754.18
1825.45
728.33
1246.34
1253.96
1367.00
1914.87
1369.58
1918.00
1804.48
1159.55
1548.02
2098.63
1404.42
1626.52
1374.86
508.65
1699.26
1488.51
1249.93
1524.00
1838.71
1310.81
420.13
1368.99
1672.43
473.40
1377.11
1431.95
1356.67
1508.58
1017.33
1000.04
1671.92
1709.76
1382.44
1243.00
2016.58
671.41
1820.92
910.48
1565.61
972.40
1276.61
1535.08
1063.66
982.12
1335.60
898.47
1769.18
1264.41
1235.81
1927.60
1256.77
1608.77
1453.00
1275.13
1386.61
1369.41
1475.36
1624.49
1051.67
898.50
1145.63
747.66
2064.32
1608.10
1171.97
1375.51
598.23
1256.91
1374.56
1259.07
1314.12
2317.55
1231.88
1289.63
1488.44
1864.67
1581.51
1497.23
1743.14
1180.95
1883.04
1504.47
1335.64
1555.89
1513.59
844.88
1568.04
1323.53
1233.43
2037.13
1812.47
1872.05
1310.25
1700.47
1056.79
1006.42
1841.65
1370.60
1671.16
717.85
1236.03
1849.15
468.29
1597.26
1660.57
1969.67
485.87
1367.34
2120.29
2140.66
1044.46
1477.34
1487.35
1783.37
1743.65
2097.43
1539.33
1583.71
913.71
1577.94
1180.36
979.80
1378.79
200.20
1849.23
957.80
967.85
1567.76
1248.53
1780.32
1339.06
1983.26
1895.58
966.96
2074.04
1665.50
1801.89
823.23
860.16
1581.62
1740.58
1612.94
848.98
1796.98
2252.21
1058.10
1098.07
882.74
1797.06
1915.50
1613.45
1597.32
1732.56
1597.66
760.45
1093.81
1785.22
2054.31
1782.11
1648.59
960.54
1601.32
1378.55
1849.21
1254.72
1253.35
1694.10
748.64
959.57
1891.17
1352.01
1575.70
1678.67
1217.24
1312.64
1425.03
1960.64
878.15
1143.62
1986.22
1814.24
855.86
1598.56
1455.90
1633.34
1805.34
1839.26
1365.74
886.28
1788.36
1442.56
761.84
1061.07
1408.34
1180.52
1400.37
1298.50
1486.67
1772.16
1722.64
1055.52
1712.73
1614.85
1212.07
1364.66
1839.47
1769.72
1626.96
1485.03
1627.25
1884.23
1562.79
1894.00
1880.91
1322.55
1428.47
1614.08
1313.52
1853.13
1742.07
1954.99
1574.47
1592.20
2152.94
803.65
1422.20
911.27
1653.86
1506.43
1705.99
1408.93
781.45
1280.90
1410.76
1504.70
1376.04
1901.30
2096.28
1221.47
2359.02
788.91
1579.40
1137.69
1485.68
1260.99
1080.78
1662.08
1669.25
1282.98
834.71
1528.71
1278.42
1343.48
1626.84
1860.46
1423.16
1859.28
1801.94
1540.80
1431.93
1261.47
1238.25
1334.87
1989.42
896.27
1124.09
1639.88
877.54
1725.94
1566.88
1516.37
1224.58
1816.80
1470.70
2015.81
1912.43
1098.06
1689.87
1099.42
885.37
1412.61
1009.33
1661.37
1967.59
1619.87
1407.40
1705.20
596.81
1752.30
1261.05
1360.73
1629.60
1178.14
1064.33
1761.09
1048.59
1255.83
1818.44
920.42
1539.00
897.18
800.92
1486.00
1502.09
1252.23
755.21
1546.25
498.18
2079.60
1669.96
1650.25
1595.45
1383.42
1436.99
917.66
1607.05
1893.54
853.90
935.75
442.01
1706.88
1694.59
1256.90
2094.56
1411.87
1326.86
1792.78
1124.18
1938.99
1049.34
1384.53
1447.39
1051.39
1743.81
1185.59
1102.41
1865.87
1321.37
1182.48
1854.09
2127.24
1530.11
1456.16
1127.65
1063.37
1222.55
1606.88
1258.14
1879.93
1622.32
1211.14
1259.74
919.20
1836.59
1488.22
1123.34
1497.69
2044.74
2083.82
917.38
1730.39
1502.31
980.78
627.68
1513.21
1277.85
1205.31
1179.91
942.02
1685.93
1670.91
1424.45
1817.78
1729.00
1246.98
1140.50
1572.40
1191.59
1246.12
1673.77
1086.18
1066.35
888.23
1252.02
1838.95
1615.35
1822.09
1794.69
1206.67
1525.72
1605.17
1052.13
1268.89
2234.40
1019.31
1695.53
1620.68
1687.50
1462.70
1333.89
1341.92
1925.32
1045.60
1008.18
1397.76
1503.66
1144.95
1094.02
1275.40
1369.05
1580.72
1407.42
1305.35
1943.13
1471.75
1663.96
527.52
596.52
1781.35
1807.33
1022.95
1782.85
975.12
1287.54
933.54
1555.68
1219.51
2052.01
1032.79
1338.56
1399.37
842.89
1894.57
1156.43
802.85
1323.25
1791.27
1713.69
1194.12
2008.89
1310.17
770.09
1894.93
1621.15
1479.13
2072.70
1345.08
1973.08
1200.07
1738.27
1133.27
1300.52
1071.63
1313.49
1654.74
1411.51
1248.06
1546.70
837.18
912.59
1433.77
1241.74
1826.33
2075.27
1543.95
965.59
1295.88
1238.39
1049.53
1702.32
921.85
1378.15
1482.41
1412.04
1298.29
1758.15
870.92
1058.91
1835.01
1376.63
1815.33
1061.01
1077.70
2119.09
1253.20
1447.83
1640.66
1608.30
1185.00
487.17
1834.95
1434.88
1659.96
1287.59
1456.27
1313.91
1965.06
1785.29
1841.10
1693.73
1849.06
1002.52
1826.01
1646.48
1418.91
1813.90
1922.25
1665.25
1394.83
1778.28
1795.76
949.78
1803.72
1229.90
1012.91
987.11
1489.65
1903.71
1129.33
309.99
1701.78
933.90
1639.55
1488.46
1160.45
1565.11
1504.96
1578.23
1075.40
1845.72
1363.62
1199.74
1108.05
1620.03
1359.26
1538.86
416.47
1211.72
1073.14
1736.17
1151.30
1612.02
1239.16
2031.30
1653.36
1290.13
1886.75
1289.56
825.91
1436.42
1176.89
1397.16
1655.95
1280.53
899.69
1603.05
1261.96
920.61
1638.90
1333.00
1777.81
1166.67
1572.00
1149.41
1678.62
1601.72
2055.36
1524.09
1437.96
718.53
899.50
1636.88
946.95
1452.60
1188.21
1255.68
956.37
1849.15
1683.38
1466.51
1167.47
1082.42
1647.64
2235.58
1892.61
822.91
1033.53
1040.20
1399.35
1440.18
1652.15
1494.54
1458.16
547.39
1461.23
1894.11
1276.49
1651.69
1127.08
1899.33
1617.23
1250.57
836.05
2087.16
1232.79
1816.82
1775.59
1455.50
1707.24
1272.13
1375.24
1758.93
649.80
1168.94
559.85
1536.14
954.66
1043.35
1855.87
1638.44
1005.13
1335.15
1495.44
2064.99
1891.15
564.99
1599.66
1118.79
2073.07
1152.35
1628.04
1690.76
1823.08
1411.62
1799.93
1154.93
1509.09
894.06
1600.21
1444.55
1129.49
1253.73
1569.37
1424.66
1651.01
509.10
1850.52
1782.78
1269.48
1240.98
909.65
1516.84
1221.18
1232.93
1248.66
1226.13
1537.74
1350.61
1117.65
1422.01
1575.28
1398.89
1533.61
1284.85
1609.72
1962.21
1277.92
1258.06
812.32
1576.52
1000.67
922.42
1311.57
1071.65
1945.68
1456.81
1052.46
1546.95
1197.69
1819.80
1156.92
1244.70
1202.24
967.61
1338.46
1377.47
1431.81
1984.49
1067.21
1161.59
1260.03
1736.53
782.72
1433.10
1377.61
1094.19
1864.23
1699.79
1018.27
1352.85
462.97
1686.37
1598.14
1318.43
1255.16
877.73
1973.34
1324.85
1634.51
1304.66
1067.04
2000.56
1366.33
1630.53
1188.03
1546.98
1634.48
1341.11
1194.50
1027.14
1319.04
1280.97
647.47
1370.24
961.34
1448.71
1156.25
1370.23
1260.86
1671.96
1890.70
752.06
1092.03
2077.60
1121.96
1617.63
1307.06
1788.34
1321.34
1284.83
1549.39
1634.09
1466.22
916.31
1172.70
1766.22
1772.89
1784.14
1440.83
1965.56
1830.52
1998.15
1577.15
1522.23
1589.10
1876.67
1653.68
1250.84
1442.14
1431.21
1314.65
859.38
1109.83
2094.69
1147.06
1572.74
1945.30
832.62
1543.88
992.58
1552.81
2040.54
541.61
1402.98
1248.37
1570.16
1617.26
1293.13
1431.54
932.91
830.28
1184.27
1708.37
2003.51
1616.24
1821.19
1520.30
1780.03
1592.04
2412.07
1009.71
1871.69
694.34
1043.03
555.46
1449.53
1189.43
1628.68
1209.63
1557.53
1540.48
1799.05
1416.90
1337.66
1808.42
1169.21
1556.70
1844.16
1690.67
910.66
1061.84
1794.70
1237.76
1380.29
819.90
1087.73
1431.09
1636.67
1139.12
932.15
1057.72
1777.56
1419.91
1241.94
1117.78
1834.76
1407.58
1619.05
1723.66
1495.67
1152.37
887.25
1440.43
1037.62
1030.49
1696.91
929.96
1236.07
2050.22
1173.25
1358.91
1067.69
1049.93
1246.51
1110.29
1545.80
1517.71
1023.51
1394.63
1986.16
1394.61
1206.28
1850.00
1512.75
1849.44
1292.09
1071.64
1338.70
1377.21
1320.01
1255.76
1621.84
1037.48
753.19
1714.21
1505.93
1017.81
1080.86
1226.24
1156.58
1461.53
597.41
1101.29
1281.40
1752.29
1697.52
1660.18
1841.34
1353.98
1272.28
1719.59
1832.42
1736.38
1585.22
1915.40
1603.40
1786.43
1302.46
1469.99
1360.39
1262.33
1770.96
1290.45
1279.14
1715.69
965.75
1581.58
1131.38
1110.74
1139.16
1901.72
1587.56
1509.83
1555.42
1379.77
1470.72
1081.85
1338.58
1129.64
1432.30
1746.82
1138.68
1213.61
1426.67
880.20
1307.45
1134.42
1639.96
1667.30
516.24
1333.87
926.28
1596.78
698.84
1125.24
1007.36
1411.95
1596.68
1728.96
1802.36
1305.91
790.67
940.58
1064.39
1998.93
1500.50
1271.49
1386.92
1625.95
1204.37
1885.04
1460.10
1022.37
2018.88
2113.33
1995.95
1680.89
1500.32
1012.63
1617.89
1186.34
1435.05
1457.06
1149.78
827.31
1905.12
1468.76
997.00
1320.64
1579.94
1113.04
1560.91
1821.64
1199.92
902.18
1351.60
1586.37
815.21
829.92
759.93
1880.27
1729.74
1416.07
1754.03
1126.55
1946.04
1697.71
1325.96
1705.58
2001.16
1713.85
1310.19
1463.21
1015.88
990.86
1624.86
1423.53
1475.74
1622.11
1130.00
1803.15
1726.03
1745.45
1848.74
1442.93
1769.21
1399.52
2201.80
1865.15
1195.10
978.29
885.90
1774.26
1148.59
1452.99
1781.29
1469.33
1200.43
1368.56
1315.48
1451.95
907.02
1284.90
1826.65
1021.26
1700.62
1177.16
1723.29
1416.48
1063.88
1060.90
1580.86
1586.01
1535.24
1495.96
1340.90
1517.66
1345.00
1447.92
1344.02
1762.93
1059.05
1852.27
1782.60
1681.37
769.35
815.03
1844.12
1137.34
921.55
1469.82
1186.71
1525.61
714.62
1475.63
1783.52
1735.77
1483.32
1793.11
1707.28
1407.05
1345.47
1479.33
1545.78
1183.14
1210.86
1611.77
1266.65
1185.78
1503.05
1723.83
1145.41
1595.39
1818.39
713.30
888.85
1672.22
1316.31
1346.53
1814.49
1667.25
1192.05
1148.93
1736.41
1296.02
1073.81
1743.54
1523.50
1781.67
1429.14
1840.00
1219.71
1408.84
1568.11
1835.27
1812.34
1040.61
845.15
1243.84
1454.94
1050.67
924.05
1721.20
1155.21
2146.12
1343.80
1787.49
1971.16
1777.13
1158.41
1526.62
1622.88
1197.07
974.57
836.87
1198.64
1911.74
1556.27
901.80
1348.48
1390.19
1785.52
1560.44
1898.13
2060.33
1728.06
1452.84
2000.23
1150.64
962.30
761.90
1781.26
1471.07
1205.64
1612.87
1529.22
2224.37
1929.12
1782.70
1383.92
1437.55
1485.00
1602.26
1740.57
1925.34
1203.59
1009.61
1645.87
1553.20
1241.97
1333.56
1499.68
2069.29
1250.32
1192.47
1317.91
687.61
1558.64
1533.64
1589.69
1279.13
1144.45
1272.90
1460.60
1101.03
781.07
1393.57
1036.67
1661.51
1111.99
1949.95
462.22
1571.60
1959.18
1638.33
1629.79
1800.60
1304.97
1598.80
696.69
1228.58
2009.43
1193.69
1346.47
1336.62
1540.65
613.14
1415.06
1538.43
1243.44
2025.64
1949.61
624.90
1487.01
626.90
1607.77
1409.07
1708.83
1305.35
1849.84
1956.07
712.20
478.34
1417.13
1291.50
1278.75
1409.41
1012.77
1771.84
451.20
1637.91
1567.78
1016.04
963.53
1101.58
1702.19
1528.42
950.63
1712.33
1602.84
1250.86
847.23
934.30
1441.56
1242.17
1203.69
1353.19
1026.79
1682.98
826.25
1295.48
1731.19
1658.21
2174.24
1772.50
1422.79
1018.05
1839.54
914.29
1577.62
1300.36
1567.96
1247.65
1225.84
1299.71
1513.72
1477.17
1358.53
2036.24
1931.69
1935.54
944.65
1748.66
1228.86
1436.14
1924.84
1702.10
1763.97
425.55
1194.30
1306.87
1762.91
1374.17
1894.10
1790.65
967.83
1590.23
1736.80
1857.80
1011.45
1110.35
951.24
1316.81
1990.41
1068.35
1757.93
1461.87
1173.05
760.28
1755.84
1012.53
1457.58
821.77
1092.31
1258.06
1247.84
1739.58
1998.35
1028.62
1726.29
1061.01
855.99
646.66
1207.25
990.23
1485.93
1756.14
1144.71
1542.68
1316.08
1173.75
1391.61
1476.12
1235.87
1265.32
1187.10
667.90
803.15
1571.00
1214.59
1136.58
1100.75
1343.64
1046.22
1055.77
1785.91
976.46
1164.76
1426.58
1501.79
1581.92
1167.69
1411.36
1759.28
1660.05
1319.60
2006.96
1380.09
1680.03
1988.42
1114.11
1753.38
1419.20
1801.37
1422.28
1185.62
1665.84
1229.43
1879.21
2093.78
1741.72
2057.03
1653.17
583.61
1592.48
703.19
1361.92
1421.36
1131.75
1759.96
2133.17
1885.17
2015.43
1238.45
883.20
1362.13
1676.83
1760.35
1724.22
790.03
1410.39
772.84
1403.90
1755.90
1366.19
1548.42
1171.91
963.14
1458.37
1344.90
642.39
1436.74
1280.99
2018.83
1722.39
813.06
1251.76
1692.23
1103.85
1436.11
1563.08
1628.82
1272.10
868.06
331.06
1908.28
1093.19
1823.30
1920.89
1559.79
1482.94
1704.09
1065.87
1175.72
1297.44
1309.33
1284.74
905.11
1906.88
1680.35
1329.25
658.37
1259.52
1449.25
1356.37
1266.60
1892.26
1072.30
891.85
1205.44
1178.47
1803.61
1485.98
961.48
2008.22
2091.24
1901.36
1394.76
1016.71
855.69
1542.73
1504.88
1818.13
250.69
1790.26
1801.62
1785.07
1599.95
1910.86
1167.23
364.26
1780.12
1783.20
1714.52
1514.56
1057.88
1383.04
1193.96
777.58
1859.94
1155.08
1267.39
1480.96
1167.53
1148.42
1609.72
2130.73
1465.25
837.95
1388.53
1199.61
1615.61
1607.02
1232.00
1798.56
1428.37
1590.60
2120.81
1666.11
1212.83
1393.28
2198.42
1326.79
1414.83
1371.49
1274.30
522.98
1548.70
947.35
1603.45
971.24
1446.76
1118.03
1169.92
1482.65
931.60
1394.01
1976.69
1063.19
2293.49
1221.73
1260.14
1088.41
1679.80
1855.76
1487.81
1518.04
1230.77
1129.28
1006.53
1731.96
1297.05
1839.47
1691.93
1646.70
983.67
1343.77
1473.10
1952.31
1196.40
1265.07
1541.80
906.16
1915.81
1868.22
1923.63
1654.95
1535.71
1202.33
1775.04
630.22
1311.09
1169.07
1384.70
903.54
1834.26
1372.25
1398.75
1132.47
1783.56
1082.49
435.81
1053.96
1299.30
1792.87
1931.30
1855.27
1489.89
1860.97
1038.24
1504.46
1154.01
1319.34
1439.63
966.82
1001.92
1795.77
1311.28
969.13
1353.69
1666.58
1365.27
1729.64
1762.24
1353.95
1956.09
1719.75
1468.06
1769.53
1467.26
1294.02
809.98
1157.80
809.35
1700.78
1627.25
1783.91
1461.43
1376.29
1164.35
1215.72
892.73
1863.15
1472.12
1532.02
1746.64
1632.29
1211.37
2093.95
1029.08
1298.74
1000.58
1761.30
1275.74
1134.54
1068.01
1636.81
1846.06
1615.33
1441.20
933.26
1798.32
1019.39
1260.27
1647.14
1143.25
1435.24
1334.68
1401.13
1115.29
1111.86
2011.34
1575.19
988.87
1751.23
1301.58
1828.10
800.01
1897.69
1534.88
767.57
1169.77
628.62
520.84
1411.64
1296.72
1343.03
1517.39
1430.51
1286.21
1785.63
1862.64
760.57
1571.21
883.42
1649.24
1473.59
1284.68
876.39
1497.29
1793.81
1482.67
1371.33
887.52
1191.06
1685.82
1389.55
1526.66
1282.11
1786.12
615.41
1002.06
1183.02
1152.03
1797.51
919.42
1232.18
1791.31
1435.79
1376.18
665.12
1336.30
1274.98
470.24
1041.44
975.34
1651.90
1596.15
1704.88
1335.30
1818.08
984.42
1477.44
1838.89
1628.65
1616.89
2280.81
1111.64
560.35
1357.18
1158.91
2131.04
1747.41
1502.06
1068.86
1747.58
434.92
1304.59
975.21
1865.69
1294.75
1352.96
1448.50
1608.01
1635.29
1692.22
227.37
1498.43
1692.93
572.28
1013.11
1381.38
1418.66
1458.80
1112.67
1692.13
1634.49
1490.95
2053.88
1952.05
1711.85
1217.66
1398.55
1630.18
1306.68
598.78
1692.10
1863.38
1298.49
1278.08
1869.48
854.68
727.40
838.31
1879.59
1146.66
