446.06
161.68
443.85
159.78
453.08
141.43
446.99
223.21
199.57
293.66
172.91
137.59
231.89
427.56
249.78
434.71
421.91
300.23
421.72
410.88
344.96
127.32
198.24
213.87
427.54
217.81
232.76
263.17
184.32
410.90
313.47
330.49
323.29
190.41
232.06
246.44
337.90
134.42
408.68
330.90
132.18
202.05
248.06
305.08
120.64
135.93
434.02
191.85
301.78
267.94
412.88
354.89
196.78
420.31
354.73
345.65
428.30
316.47
123.57
431.00
120.48
238.95
281.06
183.26
424.23
322.06
303.77
418.21
436.32
434.31
274.59
243.65
130.07
443.84
242.92
406.00
152.58
343.99
335.92
208.99
252.37
245.22
252.59
156.61
245.79
427.94
188.12
272.15
182.51
285.55
199.93
297.56
401.65
182.42
320.52
286.23
347.22
228.81
309.70
325.65
825.48
1542.58
847.09
1712.68
1291.23
613.55
1452.84
1491.80
761.14
1424.05
752.91
1543.85
1477.07
1563.21
1600.79
1501.39
812.67
741.83
1301.44
773.43
1684.57
1620.27
937.86
1139.23
803.02
1634.71
794.59
568.60
606.72
787.17
1495.32
988.62
1044.18
701.42
1419.29
771.51
1165.71
1392.15
1501.30
903.53
740.44
1069.27
1150.72
801.41
1033.44
1401.40
1647.20
1577.36
871.10
1480.27
853.60
1560.67
1067.83
1503.18
1386.70
1014.54
1218.48
1265.79
796.45
740.41
1357.51
609.79
1156.30
941.09
1493.46
1424.63
784.97
616.78
1682.95
504.85
740.27
922.48
831.90
1275.62
1380.89
1433.37
1574.81
718.82
682.92
860.70
1536.23
1346.61
1076.63
1696.39
1030.60
1078.26
851.41
874.30
961.68
1502.70
1567.42
1288.83
986.28
577.82
510.99
1193.69
982.44
689.79
704.42
872.53
1818.95
1578.47
1625.35
1018.46
1601.17
1814.85
1158.49
958.30
1191.28
1757.47
1570.46
1432.83
1601.63
1113.54
1734.65
1723.23
1551.12
1110.52
1837.48
1671.07
1054.65
1486.76
1911.61
1739.66
1805.59
602.12
1348.03
1772.66
1020.35
1655.05
600.28
1541.38
1165.08
652.04
1006.56
1757.05
1118.62
1666.90
1672.86
1621.34
1149.85
1578.85
751.28
1584.13
1712.02
1830.79
1977.51
1823.94
1605.58
1826.15
1298.03
924.36
1942.78
1577.56
1865.39
1098.95
1550.65
856.04
1456.55
1268.19
1533.53
766.80
1901.59
1253.75
1554.94
1763.75
1755.65
1196.36
1544.78
1940.28
1665.97
1809.81
1505.04
1099.93
933.90
945.50
1914.86
1424.47
1596.63
967.13
1857.32
1137.23
1553.75
1866.79
1610.90
1876.61
1839.19
649.57
1677.05
1117.05
2020.54
1868.79
1870.10
1899.51
1089.22
1478.59
979.53
899.76
1639.55
1702.76
1456.93
978.66
1324.91
828.61
1332.75
796.55
946.85
1417.50
1401.02
1486.98
1019.57
1293.35
1124.19
1204.48
1179.01
882.53
1007.62
637.17
1138.36
1045.14
1528.04
819.66
748.32
1420.21
1486.12
1099.71
1275.82
1602.96
1115.00
1030.32
587.22
665.33
649.20
1737.54
1360.35
859.68
786.41
468.32
952.76
1058.48
703.37
853.38
1352.77
1449.74
916.78
1111.55
1406.48
652.64
983.88
1128.19
1700.04
1012.61
649.09
1124.57
652.42
718.00
1352.63
1434.86
615.33
743.77
774.10
1099.90
1774.80
1402.11
626.57
1654.38
1469.29
842.92
741.62
1139.16
1035.22
1074.06
1433.44
1337.56
1368.13
1120.20
1383.45
630.63
747.59
1321.67
764.79
993.05
1318.31
547.47
1210.58
729.77
1744.11
547.17
980.76
1347.55
659.61
960.96
686.08
1344.64
1738.04
1134.84
1403.21
806.48
1117.87
1645.71
913.64
356.53
810.74
826.90
550.84
310.52
610.84
743.49
545.78
662.26
468.40
599.40
750.26
802.50
724.07
539.96
964.16
430.84
891.50
398.89
720.62
318.40
688.14
792.54
644.90
629.50
832.70
464.25
482.06
924.25
479.59
528.01
603.87
715.57
537.16
918.55
705.21
532.21
766.00
560.15
830.69
883.40
334.83
270.55
524.11
916.91
436.92
494.56
806.38
503.96
302.41
310.89
363.09
696.77
1194.72
654.54
891.31
749.23
444.77
791.15
835.10
775.16
886.53
819.35
1240.78
484.64
899.65
1158.43
1197.41
337.46
772.98
944.98
1212.60
1043.10
736.35
749.37
1118.06
1110.50
811.01
417.85
389.40
709.74
331.98
355.35
737.17
655.46
1207.93
837.53
764.49
1166.43
525.71
580.07
450.39
772.15
421.64
341.11
1104.26
876.02
745.34
748.88
999.47
831.27
634.46
309.91
1023.98
184.93
740.43
607.07
882.74
601.83
857.02
765.23
642.25
433.08
316.60
795.05
747.24
1240.67
856.28
441.85
1007.95
728.43
1253.69
434.14
640.34
450.38
612.24
766.86
807.77
389.93
656.77
982.10
756.73
648.63
324.16
781.06
1067.35
351.13
1149.70
609.73
825.12
1020.74
840.42
284.91
459.24
423.07
1234.70
1144.36
400.90
746.61
1478.25
1128.39
1334.30
1413.09
1266.94
505.44
659.79
801.50
1036.03
1400.39
744.28
1427.69
897.32
706.40
1434.10
669.44
738.06
599.69
931.75
1394.02
623.06
594.87
921.24
1485.51
1213.53
668.45
1467.38
652.74
1319.80
675.97
604.90
1131.85
606.22
613.03
752.31
1489.35
1389.39
910.58
1086.52
1186.45
1523.39
862.01
1038.48
1539.65
699.67
575.65
1440.77
1162.33
897.41
1325.54
1455.55
772.68
1581.70
1401.07
579.62
1417.40
889.72
570.88
826.97
1498.24
908.42
1078.73
1207.27
1533.67
1417.75
879.37
1066.90
1374.27
1365.56
659.99
1517.97
474.97
1382.42
520.86
855.84
1374.22
1361.90
741.01
1471.18
1025.86
904.41
610.84
680.42
1477.37
860.13
696.42
1478.22
1414.73
781.93
1503.77
501.43
1152.47
731.01
997.58
965.70
1160.60
645.91
1295.23
1459.92
784.00
1850.15
1826.71
1831.89
1936.19
1750.57
2003.17
1942.13
2068.20
2078.91
2160.63
2279.57
2080.53
1753.22
2155.66
1836.45
1813.14
1783.72
1942.84
1894.73
1986.80
1782.10
1862.36
1808.97
1910.03
1979.81
1761.56
1838.49
2138.05
1784.49
2183.25
1807.60
1876.08
2051.75
2099.79
2124.69
1776.45
1793.21
1902.06
1786.89
1781.28
1856.91
1918.59
2087.98
1826.71
1839.45
1808.19
1936.54
1748.73
2147.03
2275.17
1799.61
1962.07
1735.23
1828.93
1994.67
1814.49
2081.17
2178.14
1855.66
1677.21
1790.80
1895.13
1746.88
1810.32
2185.54
1897.12
2030.06
1747.15
1839.50
1788.87
2029.10
1822.84
1868.21
2169.27
1825.30
2168.07
1859.68
2208.33
1991.86
1822.95
1850.08
1767.92
1876.71
1760.49
905.59
1889.81
1988.95
1798.23
1846.67
2080.37
742.51
2141.72
2011.18
1895.76
1930.45
1870.14
1985.96
2102.51
732.55
1800.78
1345.19
1189.52
932.69
1872.03
1443.37
798.20
1184.35
1236.18
655.02
1277.94
1930.79
1570.54
1881.94
1767.18
1541.91
1973.29
1698.74
1697.18
1803.80
1459.34
1397.67
2439.93
1787.01
1838.07
1602.41
1444.77
1646.70
752.45
1931.06
1447.45
1700.84
1610.17
1766.09
1078.37
1467.87
1925.85
598.93
1867.09
1658.49
370.32
1802.50
1964.07
1177.34
683.66
1336.02
1735.09
1871.09
733.21
1626.67
1443.38
550.05
1437.07
1284.45
2013.89
1586.74
999.31
1537.24
1883.27
1363.58
1914.60
1261.98
1113.13
702.98
147.58
1373.89
1276.89
1128.62
2040.13
1349.27
857.93
1651.29
1364.36
1410.94
560.44
1614.48
1598.83
1438.37
1722.53
709.85
1618.01
1215.58
1006.91
1482.46
1806.85
623.43
1770.52
1403.59
1726.19
962.48
1780.83
2112.43
852.21
1471.57
1341.37
1485.92
1718.59
1834.61
1269.79
1016.10
1194.90
1581.22
1800.79
1558.79
1769.28
1901.19
1799.94
1741.15
1817.03
1356.64
1740.15
1379.48
1236.88
1153.98
1444.58
1475.25
1346.42
1625.16
1440.91
1437.92
1577.50
983.64
1498.01
1761.71
1268.70
1230.77
2081.53
1154.96
1684.88
1556.26
1863.09
514.72
1429.74
1371.49
1083.54
622.20
1461.10
1128.30
1169.02
1725.69
1229.42
837.64
1382.92
808.77
1852.99
1077.32
1920.17
1961.96
1119.59
898.31
1735.19
1694.65
1569.21
1873.01
2073.07
1487.40
726.31
1631.84
749.69
1269.28
1867.14
1863.40
810.62
671.35
1368.22
1612.73
1126.83
764.69
1681.88
1589.61
2017.12
1699.85
1878.00
982.54
1863.91
1384.03
1420.69
1700.44
1931.05
1580.55
1678.46
957.38
1857.03
1915.11
1566.02
1611.02
1435.29
586.50
1045.02
777.86
1499.79
1971.47
1783.28
1354.37
1467.48
1114.16
1486.09
1710.83
1731.72
1318.45
1677.57
1523.18
1384.11
1909.14
1542.77
1044.77
1660.30
1384.96
1559.66
1641.72
1971.75
1513.79
1655.05
1741.89
1529.09
1634.97
2303.82
1864.20
2060.36
1526.33
1022.13
1095.23
2271.70
2119.80
1787.62
1357.08
1719.66
877.30
536.87
1486.33
1655.87
1204.95
1054.68
1316.59
1813.62
1941.08
1636.70
1803.66
1972.42
2059.66
1796.88
1556.25
1674.04
1820.88
1498.77
2095.02
1681.65
1285.94
1822.94
1752.16
1900.82
718.92
725.08
1910.29
1552.74
1741.71
2175.92
1638.37
1913.15
1672.32
2076.07
1265.72
1814.70
785.19
1534.68
1647.23
676.96
1299.49
1501.39
928.82
1882.12
1676.50
797.94
1609.24
1782.28
774.67
1251.09
1644.35
1708.74
1822.85
1454.35
970.01
1013.57
926.42
1484.37
1421.28
871.40
709.85
1089.19
1115.40
1802.12
1484.37
1034.38
736.95
1252.74
1152.64
1544.75
589.20
1317.99
1226.19
1786.51
693.64
1375.71
983.73
1897.00
1421.94
1550.33
1727.42
1597.77
734.40
1910.75
1736.59
1107.26
1183.95
1738.64
1557.38
1232.27
1711.84
1779.36
1695.78
1646.87
445.71
1778.09
728.78
1432.70
1347.00
1615.64
1132.61
1578.46
1812.57
964.14
1483.42
1294.18
1820.22
1706.68
1397.26
665.78
1113.40
1921.95
1682.35
833.24
1810.36
1438.79
1177.69
1618.47
1482.33
1434.69
533.62
1062.07
1832.22
1801.53
954.52
985.09
1904.65
1167.67
1373.72
1757.36
1642.55
1478.45
828.63
1807.10
1692.78
1814.11
1701.05
1569.37
1505.22
1627.82
1872.56
789.10
1705.64
1583.07
1513.98
1305.00
1839.94
833.97
1678.46
1416.69
1908.39
2093.18
1563.08
1653.48
1464.99
1719.69
1676.27
955.53
967.05
1264.92
1282.08
1482.97
1782.04
1989.27
1477.41
1133.61
1267.43
1168.51
1533.12
1223.89
1918.13
1754.53
1788.42
1250.16
1650.81
1647.24
274.52
2128.11
1380.60
1630.70
1627.85
1864.92
1915.40
935.09
644.55
1174.42
719.22
1814.59
683.40
1907.57
451.48
1392.19
1726.24
1526.12
1589.89
1489.60
1297.35
1756.51
1094.34
1634.13
1681.21
1530.81
1963.57
1709.17
704.16
1582.62
621.41
1586.26
1002.65
1811.08
835.57
1513.85
1330.14
979.59
1685.11
833.17
1731.91
1690.24
1675.46
1965.33
1777.93
1490.72
1238.34
1139.51
1727.22
1210.61
1579.03
1422.75
778.02
1129.12
1391.14
1051.59
1816.51
1314.28
1932.52
492.81
1833.19
1469.08
1807.83
1667.78
432.38
807.34
1759.32
602.12
1023.31
1468.12
1479.09
1725.93
1371.10
1825.24
1337.38
1756.20
780.01
1538.42
1507.84
1175.07
1525.95
1597.74
1652.27
451.32
1142.13
815.13
1422.16
1496.82
1018.82
1216.01
895.81
1141.15
1077.43
1563.38
1882.78
1750.76
2129.83
1373.10
2036.55
1785.54
973.17
1249.44
823.77
1066.03
1556.50
1210.17
1807.43
1764.84
1555.34
782.71
1678.70
1203.77
1678.45
1721.29
1948.62
1260.24
1751.13
836.53
1517.52
1274.94
1108.35
1679.11
1420.74
1644.00
1777.62
919.97
1315.25
1529.66
754.76
1595.43
1352.67
880.66
1714.91
1492.07
2124.55
1203.16
557.24
1167.92
1509.31
1886.99
1804.32
1723.19
1392.66
800.47
1559.63
1701.29
1411.63
1536.52
1953.25
1378.70
1595.61
1430.59
1673.50
1849.29
1576.71
1777.59
1254.97
1095.04
1136.09
1444.47
1623.43
1004.86
1866.08
1575.53
878.09
1559.27
1926.19
1524.32
1148.77
1000.73
1536.07
1197.51
798.49
1394.00
915.80
1437.96
1302.83
1225.04
1633.11
967.62
1395.58
1278.90
1159.59
1429.31
1673.01
768.53
1680.40
1161.78
551.79
1359.90
954.61
1456.45
1119.16
1673.25
1242.60
1330.23
1307.72
1740.91
1136.88
1719.21
1219.94
1610.37
1921.01
2101.07
1660.22
1271.34
601.63
1749.09
1566.30
1463.92
1339.25
1582.44
1872.90
1574.25
1534.58
1516.60
1085.51
1937.57
1835.81
1863.25
1181.50
1272.49
1536.28
1687.26
1469.44
811.39
1727.56
1496.94
1891.34
1412.38
899.58
1750.36
1824.05
1383.00
1939.90
1508.32
1552.22
737.89
1481.23
2064.86
1549.93
1704.39
1924.48
1695.60
1472.99
1863.95
1487.40
1542.68
1523.81
1514.26
1640.63
2047.08
892.02
746.39
1704.19
1504.37
1285.18
368.45
1354.87
791.50
986.19
1834.86
956.69
1562.95
1732.59
1724.92
1411.95
1880.70
1552.52
1097.23
1512.39
1940.68
1575.74
1669.63
649.94
1351.09
896.07
1567.32
1548.21
1251.76
1414.64
1681.24
1622.39
1205.79
1690.01
1474.36
1584.86
1810.45
1190.98
1906.82
1491.86
1825.44
986.58
2114.88
1593.66
2057.93
1277.83
1089.15
1993.27
1766.31
1533.53
988.29
1453.02
1756.53
1518.74
1570.17
1414.97
437.15
1560.80
1028.42
1360.21
1300.66
2431.23
1294.26
1418.72
1685.81
1069.67
652.94
1316.03
1489.57
1394.78
1536.27
1022.31
1059.69
1559.08
1421.08
1494.29
1444.86
1948.75
1516.70
1199.97
901.76
1499.83
1768.45
1620.05
1413.70
1489.90
632.19
1067.46
1068.73
744.52
1344.55
1653.68
1618.03
1813.51
1193.05
1744.76
861.95
1673.44
1865.62
1117.22
1952.62
1241.67
1868.23
739.83
594.82
1523.53
1106.41
1812.87
1255.32
1722.10
1654.25
1479.99
1592.64
1236.18
926.38
1836.74
1752.90
558.27
1229.37
826.92
1104.61
932.48
1459.23
1557.19
1553.50
1767.41
641.72
929.16
566.66
1465.11
1012.49
1550.35
1037.86
2218.34
1603.61
293.55
1517.59
1266.58
623.77
1194.14
1439.32
885.36
1777.26
702.86
1785.93
861.18
440.49
1477.12
1129.30
1471.55
1563.05
1177.11
1615.81
461.38
602.02
1695.51
1715.28
741.59
845.83
1147.79
1438.43
1476.11
1419.82
1769.54
433.67
1330.97
890.39
1527.74
1662.65
1823.69
1683.56
1521.94
1875.12
1436.53
1925.54
1235.29
1639.05
859.20
1457.46
1410.58
785.25
1582.18
1589.05
1636.73
1744.53
1499.88
1683.75
1477.33
1160.54
1343.96
1216.10
859.93
1755.61
1597.45
1479.01
1477.10
2138.42
1801.20
1761.78
411.11
1153.37
1262.71
2108.50
1554.85
1079.92
1529.24
970.62
1882.92
1712.92
2064.11
1625.76
1585.78
989.10
2001.29
1759.44
475.64
1333.10
904.62
1337.28
1512.59
1530.17
1491.11
1712.70
1475.34
1937.79
1419.77
1080.51
620.66
1628.42
799.19
1511.65
1565.22
1067.11
602.53
890.34
1321.39
1148.10
1610.99
1069.28
1708.35
1708.09
712.28
1521.71
1464.59
1365.47
1357.73
1298.62
1796.58
1549.22
1887.90
2175.71
1907.77
1585.79
1406.98
1153.60
1449.18
1516.20
1753.88
1752.45
552.97
1775.52
1899.53
1780.26
1783.23
1315.29
1394.52
1169.83
1202.14
1772.80
679.74
289.25
942.74
555.09
1254.42
1017.60
904.00
661.05
917.56
1624.29
1417.46
574.44
1247.68
1705.22
913.74
1810.04
1864.49
1480.59
1553.01
385.50
1485.85
1465.78
945.97
1320.83
1481.45
1197.80
1925.44
463.85
1566.75
704.62
2440.63
1233.08
1978.71
1200.99
1418.23
1256.61
1661.72
703.62
1389.20
518.94
1461.71
1745.85
1877.32
564.39
1731.80
703.50
1068.99
1026.31
1173.80
1710.78
1388.26
1503.28
1537.81
844.25
585.87
1202.88
1932.13
1799.52
1150.34
2168.97
1907.74
1659.94
1034.42
1598.94
1478.38
856.24
1664.34
1085.74
1644.49
1296.47
1501.00
1648.45
1553.33
1419.62
1681.95
1753.55
1638.03
1455.96
1195.69
1593.67
1818.09
1041.68
1707.43
1227.51
865.74
1684.18
1642.91
1914.30
1015.69
1174.95
1276.64
1094.81
1726.44
1214.63
1995.18
632.02
1372.57
1433.42
1386.00
1502.21
1784.98
1944.48
1590.39
1219.97
1310.42
1710.14
2183.35
476.62
2088.78
756.76
987.15
1765.73
1051.01
1484.36
533.39
2045.46
1556.31
1938.60
1981.02
1185.44
1741.21
1555.12
1980.59
1623.34
1504.12
952.83
856.97
1607.60
807.83
1741.45
1445.24
1361.58
2444.76
1625.04
1621.42
1536.39
1129.21
1769.31
1773.89
1931.48
576.38
1076.83
1047.41
1519.88
1808.78
1706.27
1516.41
1919.66
1662.87
1491.90
1662.53
1777.44
1563.64
2053.48
982.47
1396.84
948.11
1688.89
728.38
1741.64
644.42
1340.57
834.14
1196.03
1261.31
1214.22
528.68
1417.52
1381.15
1670.94
1151.24
767.84
1133.89
1600.81
387.93
726.34
1651.18
1777.63
1348.46
1734.44
1690.88
1763.05
1658.25
1652.20
1676.53
1342.13
1807.78
1608.43
1284.73
725.20
1138.58
1127.40
1519.22
540.65
1563.42
1889.63
1740.76
1395.15
1519.11
974.96
1727.62
2282.00
1455.25
1149.77
1825.95
1158.53
1345.93
1519.48
1625.73
971.34
1174.30
2019.46
1673.20
2152.51
1435.39
1619.07
1743.64
1690.14
1944.36
1717.17
1721.17
1714.14
1373.81
1809.56
1443.28
1650.68
1368.62
1496.61
1485.65
1505.75
830.18
659.07
1729.67
1628.61
1164.04
1115.89
1087.71
1511.15
1250.14
603.15
739.01
1517.53
1732.98
1600.10
1528.62
2056.85
1869.22
2093.23
1220.78
1510.23
854.63
1360.66
997.73
1767.07
649.86
1631.47
1055.43
1773.39
801.52
1392.54
1622.76
1020.38
1512.11
1730.44
575.40
1350.69
1259.80
1480.54
1423.87
1606.19
743.16
1423.56
1635.06
239.74
758.07
1890.83
1534.67
887.67
1168.66
1860.23
691.20
742.96
1734.72
1723.69
1724.13
1834.41
1930.69
1309.56
1613.11
1275.09
1736.78
1645.79
1565.70
1649.87
2125.71
595.85
1813.19
1382.52
1635.23
1543.43
813.52
1258.82
1583.67
1585.66
824.35
1445.48
1873.16
1451.62
935.16
1515.08
1415.80
1562.94
1850.92
1897.05
676.16
245.29
835.71
1656.69
1755.11
782.88
1606.99
1537.26
1860.32
1692.38
1784.97
625.11
2019.44
1873.59
1597.26
1713.85
1931.06
1410.14
1906.48
1516.73
1134.21
1393.10
893.54
1579.16
1562.67
1777.46
1194.77
1568.57
307.56
1902.84
1452.70
1416.27
502.49
865.82
1849.13
1558.68
1729.71
1020.94
1822.12
1393.43
865.03
1890.96
1352.96
970.93
762.35
1215.10
1833.93
1988.32
1398.02
627.60
1233.03
1087.72
1017.81
1716.65
1174.42
1333.74
1343.70
1490.98
1530.18
1951.44
829.98
1458.65
1881.90
1647.49
419.13
1969.53
1556.47
2108.73
1826.00
857.22
1150.68
566.50
1725.56
1695.91
761.97
1126.56
1733.21
612.18
1104.09
856.41
1704.91
1571.20
2061.32
941.24
1246.61
1202.77
1562.43
1896.09
677.68
1886.66
1385.19
1439.78
712.32
1722.76
1559.84
1921.21
1794.78
699.33
1727.18
1116.18
1864.01
1548.52
1663.40
1701.21
731.21
1148.06
1028.97
1027.69
1491.25
1459.80
1834.25
1473.92
1284.46
1535.47
1266.48
1414.52
1387.29
2030.83
1139.15
1854.45
1597.21
1687.13
1436.42
1118.56
1470.91
1970.43
1725.30
865.29
1611.05
1494.15
2075.87
1687.51
1664.61
1759.52
1415.35
1485.85
1672.13
1787.69
1157.53
1577.81
851.19
1738.45
1834.09
455.14
1609.12
1893.18
1815.89
1485.44
1397.16
766.25
1231.83
1747.54
1168.97
1759.99
1211.67
815.48
1514.99
1530.08
1409.51
1798.28
1200.89
426.34
921.42
1788.79
1875.92
1713.25
1643.62
1996.30
1332.68
1500.25
1775.49
1587.99
1330.67
1480.92
1439.88
1586.74
1144.77
1649.66
1524.46
1109.91
937.04
682.79
1841.16
1218.55
1510.26
836.89
1118.45
1453.90
1592.68
1090.79
1317.52
1744.18
754.11
1873.35
1000.21
785.21
1804.96
1016.56
1719.55
1921.49
1060.02
1792.21
1881.00
1937.36
711.25
422.69
936.00
1542.40
1826.96
600.14
1801.10
1833.78
1277.26
1624.70
933.14
713.19
1725.65
802.13
150.77
1279.31
1848.10
1696.65
1648.56
1941.65
1730.91
2177.72
1604.90
1425.25
1298.07
1704.32
922.96
1516.35
1514.75
1812.60
1282.56
1648.96
1218.29
1662.65
1561.10
1471.98
1411.90
1204.21
1859.12
1088.33
1791.50
2179.01
770.83
1887.26
143.26
1979.31
1306.36
1707.70
1817.15
1060.09
1833.64
2049.21
1668.27
1659.66
643.49
1542.70
1676.82
1604.88
1353.45
1777.97
1092.41
1990.01
1639.51
1231.66
242.50
1899.32
494.43
332.35
1309.41
913.98
1793.54
1764.41
1480.22
1842.79
1566.30
1559.37
1553.02
1126.34
828.81
1738.04
1177.48
1632.55
1404.22
1454.29
1705.40
1601.25
1569.21
725.58
625.98
1442.83
1840.42
997.87
670.82
1206.83
1130.52
1336.04
1041.84
1648.04
1534.20
1845.58
800.11
1873.96
803.62
1872.48
1947.33
1482.20
1213.00
1526.09
828.46
1872.09
1317.19
948.69
1622.21
977.41
884.73
593.51
999.04
532.45
2172.50
1900.74
1693.63
1345.60
1109.70
582.41
1561.15
1761.82
1081.64
441.33
1663.00
1726.55
563.13
1386.43
793.57
940.27
1228.79
2195.53
813.31
472.10
1245.15
1764.47
1509.99
1872.94
1904.21
1300.45
1655.52
1911.01
1293.35
929.27
1027.42
1751.03
1328.12
1577.06
983.76
1681.70
1942.67
1686.72
1118.48
1888.22
1931.81
1402.96
1705.40
1501.82
1012.50
1903.01
1312.75
1266.37
1509.16
1743.54
1485.14
523.45
1550.64
802.06
1030.11
222.63
1668.19
1861.91
1687.88
1177.98
1235.88
1684.88
1879.27
1579.75
1172.39
1471.12
632.62
1716.00
1853.90
1090.80
1810.39
1241.37
1725.91
1903.83
1627.39
715.31
940.10
1512.11
1861.42
1545.93
1209.38
643.85
1325.62
1153.78
1862.67
1533.62
1783.98
1540.44
996.50
1849.72
1438.60
1660.00
1028.66
1546.91
1092.08
949.00
1586.80
1663.01
1577.74
1601.17
1840.83
1206.48
764.41
996.10
1732.26
1649.10
1694.42
1389.00
1259.56
1329.11
693.35
1946.12
1082.50
1981.53
982.91
1665.75
596.54
1372.66
1210.63
956.34
433.98
1709.47
1682.79
672.71
1250.98
1833.86
1999.59
1221.94
1879.99
1593.25
1564.94
1591.09
1518.48
2065.17
994.42
681.50
1944.65
1712.66
1529.18
1851.50
2179.16
1507.54
1659.12
1610.44
1392.37
1193.01
1253.85
1317.72
1684.07
1473.38
1948.64
1514.40
1601.97
1632.14
1616.85
823.14
1848.62
1048.38
1398.75
1437.84
1663.75
1814.00
593.75
1131.73
1391.16
1945.85
1750.79
1053.86
1855.99
1659.12
1671.53
1767.94
945.22
896.08
1815.47
338.45
1893.57
1956.14
1763.87
1738.90
1495.68
1539.71
1499.84
1846.21
271.77
1606.15
1108.38
1181.15
1920.68
1008.58
1286.34
1461.58
1611.24
1625.07
1499.00
1579.69
1509.59
1802.35
846.93
1358.71
1214.61
1171.11
699.99
712.90
847.85
1641.11
593.95
1545.51
854.50
1503.11
1958.56
1874.57
1543.05
1918.89
1492.04
1363.14
1685.48
1900.59
1118.53
548.01
1144.55
1650.00
1617.19
1848.37
2165.01
681.10
495.65
1773.96
1122.54
1762.29
944.78
1842.50
1194.71
1584.73
1254.16
1204.24
1317.90
1535.20
1760.52
1263.04
2292.42
1509.12
1473.93
1647.70
1684.35
1916.28
1744.64
1556.14
1326.68
2263.11
1164.29
796.97
1609.23
1304.49
1667.90
863.87
1232.01
1278.75
1692.30
1625.22
1755.95
1246.70
1469.10
1587.14
486.97
1736.52
1529.91
1759.85
1904.88
580.78
549.34
1672.69
1872.77
1146.78
1902.48
798.70
1122.62
1410.22
744.21
2064.74
1431.29
1082.08
1873.96
768.55
1468.84
990.35
807.55
1472.64
1553.87
1850.86
1507.49
1723.61
1567.79
1149.07
1865.91
1632.85
1596.95
1861.74
331.77
1738.13
1300.28
1684.10
589.71
718.33
1765.34
1836.59
1311.74
944.88
1578.93
1884.27
1704.06
1224.28
1670.38
1567.62
1212.76
1582.08
1644.04
1515.11
1116.58
1290.41
867.43
1858.46
2082.74
1569.08
1941.52
2234.12
1753.02
1574.71
1680.65
705.85
871.00
1487.97
817.89
1524.87
1473.62
1948.17
1083.73
1831.03
1693.55
1599.70
1737.96
1573.91
1778.37
244.09
998.96
670.50
1458.67
758.00
1951.30
756.63
2154.58
1669.91
1289.18
1101.96
499.31
932.77
1662.30
1535.64
1642.66
997.06
890.13
1424.55
1283.78
1650.96
922.35
930.02
1525.07
1564.75
2057.54
886.26
1352.60
494.82
773.51
1789.83
1528.79
1834.59
1573.02
1575.07
1524.75
1769.99
913.37
1142.65
1954.98
1484.06
1548.35
590.35
1506.76
1781.63
375.88
1877.79
1867.20
1097.15
1480.53
1044.30
1768.80
1200.23
1554.07
1491.78
1485.80
662.04
1685.26
1673.93
1636.54
943.14
1064.47
1911.16
522.29
1749.63
1962.33
856.81
1463.28
1952.97
1654.79
781.03
1725.86
1228.41
1199.97
1403.90
1816.42
989.81
1338.35
1984.22
1557.98
1248.20
1677.06
1708.66
1349.03
1053.62
1553.45
1184.22
744.25
1260.22
1440.06
388.09
1634.35
436.22
1555.40
1268.30
1739.06
1687.49
1878.76
1480.88
1554.85
423.36
878.88
1564.50
1898.03
1227.77
1615.70
1884.97
603.18
1406.00
1538.18
1154.48
1575.86
435.65
2479.46
1426.81
998.92
772.70
471.36
1882.84
1424.98
1444.24
1883.90
1921.14
1330.47
1618.16
1531.19
1080.74
1873.72
1665.78
1628.22
1667.33
1513.55
1947.88
1534.35
1730.32
1034.78
912.03
1717.73
1820.79
1413.31
984.71
2069.62
1499.17
1650.91
1598.76
1630.04
1486.50
1232.99
1561.00
1334.85
1906.43
1219.28
1795.14
1700.81
1585.10
1983.43
1337.89
1499.05
1620.69
1588.58
1424.13
900.29
1178.32
1686.23
1467.72
1841.65
1578.22
1272.71
942.19
1153.32
1057.91
1912.49
1534.26
1210.17
1857.85
1407.55
1732.10
1999.76
1929.67
1598.38
1597.47
1665.97
1177.16
521.97
1618.22
1876.99
1812.84
1727.31
2289.45
1731.35
1829.66
1264.43
1104.68
1305.23
1727.95
1611.88
1599.98
1217.25
1646.46
1638.73
945.97
1851.48
1437.59
1963.18
2325.12
1261.64
803.17
1676.26
1838.38
1809.48
1692.04
1072.97
1969.03
1775.38
1894.43
1414.38
1588.82
1854.04
426.83
665.17
1418.46
860.63
1473.53
1180.62
1783.44
1102.81
1170.65
1271.87
1205.30
1720.77
1673.40
1347.96
1218.06
1709.91
590.43
1550.32
977.63
1962.44
1497.63
1492.65
1335.08
1492.69
1762.98
1372.17
1233.17
429.63
949.94
1569.57
888.12
1460.05
1654.89
1623.71
2063.71
1900.86
1743.74
1584.76
1709.07
1460.02
1963.37
1600.51
1580.28
1881.84
2037.62
1555.98
1733.69
1573.89
1532.59
1740.53
1059.88
1307.88
2008.43
1854.32
1562.59
949.54
1699.54
2026.83
1555.31
1653.06
697.67
1933.21
783.78
1727.53
704.79
1287.47
1634.70
760.56
1526.63
660.58
1914.61
1796.61
1710.01
1217.31
1092.44
1404.78
1966.27
1813.50
1511.77
1760.36
1375.30
908.30
1510.96
1219.23
1573.30
1224.40
1498.05
1873.45
1948.42
1965.69
1522.84
883.58
1868.39
1137.85
1561.53
1379.87
1728.85
1192.89
983.41
1213.22
1681.91
1462.29
1551.20
1092.14
1685.38
1625.80
1801.72
2008.21
1840.78
475.88
1396.68
1125.44
1405.37
2135.94
901.30
1615.42
1903.43
1112.44
1328.49
1777.57
1698.66
1603.89
1668.44
578.17
899.44
1249.49
1601.29
1635.46
1680.41
1543.03
1643.66
1482.36
1550.39
798.54
1680.86
1774.77
1910.47
1952.46
1813.42
1552.31
866.51
962.25
1694.44
899.18
1453.01
1521.28
1554.42
892.02
1753.40
1970.92
1025.95
722.80
936.96
949.40
1765.72
1317.38
1780.07
1839.16
1567.40
957.57
1544.66
929.63
1397.36
1601.86
1157.63
1653.35
1516.98
1050.06
907.12
1499.16
1012.08
1862.19
1272.75
1255.81
1673.69
1484.90
792.12
1174.08
1532.83
852.98
624.00
692.27
461.05
1374.72
1803.24
681.44
1599.24
1633.37
1735.39
1537.03
1839.35
1923.48
824.94
1458.70
2216.86
1590.01
1711.13
1328.36
1353.59
1708.66
1343.40
1354.80
1076.07
1607.89
1732.18
1474.57
1143.28
1673.09
777.21
1085.82
964.57
1644.67
1028.40
1354.41
821.80
934.52
1403.12
1037.66
997.82
444.51
1663.48
885.73
843.22
1887.51
730.85
2000.10
1360.25
1641.67
1845.61
1429.67
853.14
1833.34
1757.06
1817.44
681.67
997.06
1030.81
1689.58
537.72
1505.74
1723.49
1468.33
1874.31
1103.83
1014.82
1568.70
1573.38
1948.00
2076.79
1493.88
1690.98
1712.36
713.12
1603.80
1016.83
1745.46
1029.37
279.06
855.20
1300.61
1729.86
1930.04
987.73
1525.56
1316.86
775.78
1420.61
1672.10
1601.30
1615.40
1645.02
804.36
1604.00
824.40
1683.35
1150.32
1202.15
1077.29
1975.20
1353.14
1293.86
1945.43
1644.83
1254.47
1837.74
1733.09
1624.13
2023.24
1737.75
1156.55
1537.85
1430.43
1672.74
1210.05
1755.75
1201.93
1582.27
1637.62
1880.36
1845.49
2435.45
2201.64
759.57
1489.74
1764.91
1569.33
688.28
779.40
1146.50
2018.44
1360.62
1462.90
1791.94
902.25
1597.31
1545.89
1797.47
522.23
1021.56
1698.10
1785.14
898.26
1135.75
1950.05
1731.38
1769.58
1824.20
1322.39
361.79
2003.12
1440.74
1187.40
2439.29
1442.61
722.96
1232.32
1586.74
1726.00
1756.19
1786.28
903.28
1613.49
1322.76
1701.83
1861.30
1423.70
1749.60
1397.35
1853.86
822.18
789.96
1197.09
1405.09
1793.22
1053.59
1897.83
1307.15
1470.09
1514.46
1468.13
576.58
1173.80
1916.67
1782.97
1285.58
885.54
1121.11
1505.89
2168.05
886.01
1758.86
1469.54
2047.13
1483.48
1948.46
685.06
1661.07
1418.14
1133.31
1513.26
1100.50
1083.37
1583.65
1238.82
733.75
1532.90
1661.26
1687.20
1460.49
1500.96
1369.50
2178.38
1554.46
1543.44
1109.30
1178.61
1863.78
1606.41
1581.75
816.92
1444.65
1833.83
1657.98
1747.93
2067.63
885.69
1554.74
1729.19
1667.31
919.34
1937.56
635.15
1520.90
1602.01
1467.18
1253.12
832.78
1188.57
1756.76
1002.30
1556.56
727.71
1526.30
1783.18
1297.61
896.30
1631.41
1628.49
1767.90
419.31
1288.54
1095.06
1789.64
1872.09
498.58
1283.82
1327.15
1666.74
1903.30
1355.99
1887.15
1847.27
1037.73
1537.08
1979.34
1553.28
1594.08
1500.10
759.47
1759.56
1438.80
1231.90
1490.16
1817.06
1412.42
464.54
1353.67
1767.36
705.75
1491.28
1569.23
1417.65
1586.30
882.79
808.19
1723.18
1680.74
1293.30
1124.22
1899.37
623.02
1872.17
635.95
1647.57
818.64
1285.31
1420.55
835.71
885.46
1456.42
796.12
1835.37
1386.99
1286.47
1903.53
1321.27
1482.15
1598.60
1376.19
1430.39
1293.33
1406.12
1688.74
893.09
751.49
915.12
572.61
2198.15
1760.45
1293.87
1286.63
482.07
1207.20
1425.14
1424.78
1271.29
2347.72
1317.13
1370.36
1609.56
1818.58
1703.42
1607.36
1757.06
1370.69
1773.11
1834.11
1486.82
1620.81
1570.42
745.31
1713.37
1316.15
1136.29
1842.86
2099.56
1880.96
1226.02
1683.26
855.98
868.91
1887.04
1290.44
1684.70
465.13
1387.33
1815.79
697.45
1594.88
1736.84
1902.74
242.53
1305.62
2054.55
2043.87
733.00
1408.19
1587.17
1868.04
1734.76
2045.97
1456.16
1524.31
786.60
1538.09
1098.07
753.81
1476.99
208.89
1987.35
683.37
709.59
1554.28
1309.98
2059.93
1328.40
1914.63
1968.61
892.86
1920.64
1651.43
2134.72
723.96
684.08
1641.39
1652.01
1610.93
628.33
1704.19
2281.68
1134.68
1116.54
651.03
1752.82
1847.91
1662.30
1844.41
1632.89
1571.84
552.93
1144.34
1776.80
2028.62
1758.09
1726.04
840.05
1634.23
1434.22
1946.85
1314.39
1380.43
1638.77
1094.39
803.46
1858.73
1320.60
1520.04
1833.67
1358.12
1274.70
1486.40
1983.45
776.61
888.61
1973.73
1776.65
606.90
1586.41
1535.55
1555.79
1852.22
1812.28
1409.34
893.79
1742.80
1477.36
658.16
750.74
1462.62
949.59
1478.50
1374.48
1546.90
1894.69
1754.33
982.24
1678.69
1647.99
1239.19
1343.38
1822.51
1763.07
1676.51
1621.20
1595.63
1947.78
1672.83
1863.00
1859.52
1238.77
1354.86
1617.98
1284.28
1753.49
1737.08
1873.23
1524.43
1705.57
2164.12
555.80
1347.25
676.59
1734.38
1619.26
1640.98
1379.90
727.61
1374.98
1417.26
1404.71
1281.97
1825.37
1920.78
1266.01
2187.52
733.79
1594.19
960.96
1607.19
1181.17
1137.51
1658.67
1623.89
1174.65
722.91
1483.90
1439.33
1470.48
1685.41
1693.45
1482.81
1770.95
1768.80
1513.34
1562.42
1392.49
1185.35
1493.24
1992.59
942.30
1009.92
1864.52
711.42
1819.71
1541.92
1592.50
1381.76
1758.55
1438.48
1873.03
1823.84
1071.68
1765.81
1152.29
758.66
1465.50
921.04
1714.24
1894.49
1555.99
1474.64
1652.11
286.53
1622.40
1214.87
1295.83
1729.13
1081.88
828.02
1730.66
917.77
1326.53
1766.83
719.01
1476.25
658.44
702.22
1539.63
1679.97
1240.00
633.94
1556.65
756.10
1862.62
1668.99
1627.15
1629.61
1449.42
1463.16
783.49
1728.53
1857.50
740.73
695.81
690.67
1713.60
1721.85
1161.97
1963.46
1334.92
1251.48
1913.37
1309.93
1956.84
826.76
1445.53
1573.70
915.09
1826.60
1283.49
1144.46
1764.18
1356.15
935.00
1802.95
2043.82
1549.50
1589.34
1205.43
1115.55
1328.31
1589.63
1303.71
1949.15
1658.04
1379.47
1241.39
883.39
1778.81
1599.69
1312.17
1460.62
1921.08
2236.18
705.14
1782.12
1647.33
786.70
293.00
1611.03
1411.03
1348.62
1073.41
846.91
1587.75
1740.51
1541.63
1731.70
1692.39
1419.74
1061.96
1650.73
1037.48
1164.20
1641.49
1137.94
1065.54
715.67
975.58
1836.29
1843.04
1773.59
1841.42
1217.53
1540.36
1632.49
1242.86
1360.88
2097.75
1199.27
1639.10
1663.21
1957.24
1566.38
1425.33
1514.21
1990.67
887.67
866.79
1443.19
1612.68
991.21
986.57
1202.95
1256.83
1771.96
1443.06
1207.98
1860.76
1634.93
1624.19
278.55
402.34
1862.99
1769.19
953.51
1832.72
830.47
1095.99
740.08
1655.53
1237.78
2075.64
844.41
1494.06
1444.17
689.32
1877.01
1188.16
678.53
1326.14
1748.14
1601.06
1281.07
1946.81
1461.60
645.41
1835.89
1835.64
1425.16
2190.33
1303.29
2183.25
1287.06
1766.52
927.75
1436.85
852.33
1241.65
1627.81
1525.39
1293.29
1530.69
723.48
799.74
1493.58
1187.32
1830.69
1943.58
1575.60
740.38
1234.55
1149.36
813.14
1657.27
936.39
1515.50
1415.68
1406.97
1364.10
1699.47
929.19
980.73
1809.56
1347.15
1925.49
1030.89
853.73
1889.45
1035.72
1382.97
1678.62
1706.21
1306.83
211.46
1836.34
1355.13
1856.43
1349.75
1532.03
1282.33
1985.34
1777.50
1704.83
1614.18
1865.57
771.58
1922.99
1536.84
1547.68
1796.81
1795.58
1482.06
1356.49
1845.84
1778.16
1127.25
1728.38
1377.97
924.52
875.02
1459.24
1967.61
1120.50
322.70
1735.58
734.86
1557.98
1389.75
1090.94
1603.20
1518.12
1661.76
1036.23
1717.96
1274.88
1100.47
1139.43
1497.41
1510.49
1557.37
440.53
1255.88
862.03
1767.25
1259.36
1597.72
1210.90
2195.12
1785.24
1196.78
1893.34
1243.41
723.19
1528.83
1215.27
1385.28
1555.61
1273.44
695.87
1608.38
1412.84
937.58
1821.61
1296.51
1813.19
1115.21
1479.70
1166.58
1848.74
1543.56
1935.97
1671.64
1693.42
798.56
925.42
1642.06
746.10
1429.74
1078.32
1194.48
1127.36
1893.02
1805.20
1539.76
1154.23
990.36
1627.55
2209.93
1814.93
625.68
1211.98
1079.70
1554.15
1481.70
1644.84
1603.94
1497.81
272.68
1505.98
1849.29
1429.46
1709.45
1036.17
1893.88
1782.26
1099.72
556.89
2207.70
1141.23
1783.07
1731.06
1433.35
1885.56
1295.69
1672.12
1701.45
482.51
1335.19
301.23
1615.78
853.89
909.74
1808.90
1833.01
773.10
1444.39
1600.63
1958.01
1831.12
315.82
1616.77
1025.75
1888.24
1304.71
1789.37
1941.88
2039.61
1454.06
1777.15
1193.38
1469.52
671.70
1701.31
1476.17
938.10
1169.09
1715.00
1402.97
1755.58
300.98
1726.66
1716.95
992.39
1109.39
780.28
1513.90
1182.36
1202.02
1253.04
1122.97
1585.29
1528.77
1122.17
1385.82
1575.96
1412.96
1600.85
1397.92
1689.65
2086.55
1163.91
1229.74
964.03
1602.47
849.05
669.77
1269.27
828.03
1880.32
1432.29
1020.76
1693.20
1143.96
1983.80
1306.94
1210.54
1348.05
818.73
1314.97
1323.05
1422.57
1869.28
844.23
1282.50
1424.99
1727.48
572.42
1517.05
1413.07
920.08
1909.62
1708.17
1162.45
1397.11
522.53
1673.06
1673.43
1356.87
1297.98
761.64
2021.94
1193.98
1860.57
1164.71
852.20
1973.68
1347.00
1557.17
1243.55
1554.48
1555.44
1299.66
1261.03
847.57
1394.38
1368.63
1031.85
1447.80
816.07
1412.19
1096.75
1340.26
1417.98
1669.81
1917.79
639.85
1276.22
1973.66
981.49
1661.09
1216.27
1788.86
1295.99
1244.28
1554.29
1615.29
1668.12
854.35
1219.41
1994.83
1742.88
1761.72
1387.37
1950.09
1785.23
2087.15
1580.48
1616.68
1603.34
1869.94
1472.53
1201.90
1436.63
1467.51
1335.98
630.98
1146.24
1932.38
1265.70
1668.53
1926.13
709.38
1612.70
849.35
1612.20
1838.80
421.79
1522.65
1395.81
1595.52
1656.48
1195.38
1419.96
718.85
568.96
1313.33
1786.07
1980.45
1729.79
1806.78
1497.55
1744.43
1707.91
2165.53
853.81
1838.17
585.26
917.90
922.05
1511.92
1015.28
1593.78
1179.23
1631.92
1602.69
1800.47
1385.54
1444.80
1746.49
1300.70
1599.70
1901.70
1627.30
957.25
1212.41
1750.59
1283.37
1382.88
838.39
926.89
1564.81
1760.05
1008.15
805.41
1190.03
1740.00
1435.79
1373.91
956.77
1809.06
1541.22
1611.02
1656.61
1435.82
1295.77
744.96
1457.43
913.10
866.28
1859.91
861.21
1290.31
2006.82
931.84
1292.73
1012.77
825.80
1145.37
1274.85
1581.76
1555.03
825.65
1506.77
1881.02
1441.25
1329.23
1677.62
1568.21
1983.12
1261.34
1073.47
1416.19
1684.21
1330.08
1298.27
1659.89
1134.97
491.35
1703.92
1619.70
881.97
1158.49
1153.30
936.38
1608.51
666.55
1286.66
1158.74
1625.76
1620.53
1728.40
1780.98
1425.60
1434.93
1723.27
1788.82
1701.15
1746.83
1886.86
1614.64
1705.23
1201.74
1557.17
1329.82
1294.38
1726.11
1216.06
1258.12
1724.17
720.43
1783.29
1214.62
996.95
1147.13
1943.12
1561.00
1491.52
1595.08
1427.79
1617.46
908.07
1402.73
947.52
1490.70
1714.89
1036.36
1414.60
1485.33
969.78
1257.15
893.13
1561.72
1647.44
761.73
1241.34
810.78
1669.55
507.31
1085.44
877.86
1460.97
1532.17
1962.70
2006.15
1347.75
886.58
796.51
961.49
1930.36
1584.53
1351.56
1426.35
1538.70
1268.88
1914.60
1686.95
1053.42
2182.46
2187.42
2049.69
1625.86
1563.20
867.81
1555.04
1215.23
1557.94
1509.30
974.37
545.32
1974.60
1445.32
809.60
1483.61
1640.63
1239.85
1620.00
1894.38
1025.81
853.30
1353.12
1734.24
702.84
680.55
593.40
1852.68
1701.79
1415.82
1833.22
1273.69
1930.65
1625.86
1361.20
1667.17
1985.16
1662.70
1321.78
1557.74
922.22
760.39
1530.99
1602.14
1733.09
1601.03
888.78
1868.95
1849.83
1756.50
1979.88
1698.44
1737.25
1446.45
2402.75
1792.96
1234.96
771.29
765.70
1742.69
1052.93
1659.38
1729.23
1491.88
1205.60
1422.74
1353.30
1489.13
801.78
1344.66
1829.60
792.23
1652.74
1023.08
1606.92
1511.15
1192.39
749.03
1541.51
1530.30
1479.72
1515.58
1314.74
1836.06
1305.49
1546.85
1403.78
1839.31
970.30
1824.97
1748.75
1548.49
647.51
569.52
1833.34
1088.81
815.35
1565.42
987.21
1566.07
759.91
1550.16
1846.66
1730.62
1532.77
1844.10
1800.83
1304.27
1428.71
1467.84
1521.81
1198.95
1123.18
1544.54
1372.43
1266.68
1635.44
1633.79
1289.51
1687.32
1755.64
650.84
756.61
1758.28
1492.45
1411.44
1800.98
1729.90
1216.03
1092.64
1659.45
1405.75
932.11
1857.43
1501.50
1803.86
1505.75
1828.35
1136.29
1471.00
1615.56
1748.92
2114.93
965.60
615.97
1330.83
1436.33
887.67
725.23
1764.21
1223.93
1932.27
1296.78
1749.64
1864.03
1737.65
924.82
1488.64
1680.82
1151.07
707.72
610.52
1220.93
1854.44
1738.83
748.15
1369.90
1557.27
1714.65
1598.67
1965.54
2092.70
1818.82
1499.54
1978.06
965.49
1116.50
532.41
1730.53
1506.66
1332.76
1542.63
1578.22
2312.02
1848.47
1783.01
1517.50
1450.48
1557.50
1583.13
2081.84
1955.74
1389.87
771.00
1670.94
1554.99
1207.67
1431.60
1434.77
1938.79
1144.61
1083.77
1233.66
455.98
1592.08
1556.38
1662.36
1470.84
1218.94
1153.38
1391.15
1021.92
524.29
1546.76
864.64
1617.06
1007.96
1916.31
519.87
1744.54
1866.38
1727.83
1607.10
1885.67
1298.19
1780.21
481.62
1276.25
2200.83
1027.16
1276.76
1507.25
1535.72
459.78
1457.46
1486.63
1310.84
1866.63
1901.96
353.42
1525.65
505.40
1627.27
1385.83
1603.42
1442.65
1776.52
1969.66
552.79
209.80
1401.13
1203.12
1201.97
1466.18
900.38
1771.75
821.36
1705.23
1553.10
794.19
813.79
1229.92
1749.47
1899.27
798.88
1649.37
1597.02
1125.61
637.32
727.09
1500.13
1269.96
1086.04
1433.67
872.02
1611.27
651.75
1241.68
1715.87
1634.08
2123.78
1716.94
1480.38
875.80
1745.71
779.75
1647.54
1171.86
1647.54
1303.27
1300.71
1448.19
1574.39
1600.21
1445.15
1940.50
1807.98
1884.98
801.47
1785.70
1345.98
1442.60
1942.66
1735.32
1720.82
387.22
1231.30
1246.92
1880.22
1417.66
1892.95
1730.32
793.37
1601.31
1701.15
1806.68
1058.80
1058.11
814.56
1495.44
2182.65
1015.13
1816.62
1607.08
1211.93
655.20
1711.24
792.85
1490.27
537.86
1124.94
1131.71
1289.24
1832.33
2049.55
876.59
1718.16
864.47
715.32
1066.99
1158.14
765.33
1552.05
1803.53
1219.38
1479.34
1216.25
1294.52
1575.42
1520.21
1181.48
1272.67
1348.54
421.62
562.48
1596.75
1234.59
1173.48
1082.90
1393.56
1211.66
898.08
1764.57
794.11
922.50
1491.40
1666.72
1553.40
1132.34
1571.37
1711.14
1651.66
1445.30
1891.13
1427.99
1722.89
1791.92
1003.98
1752.94
1505.45
1798.63
1438.76
1253.89
1732.13
1387.21
1829.57
1951.62
1831.90
2002.30
1595.63
694.78
1566.72
629.91
1249.88
1484.12
1112.13
1672.22
1939.51
1841.97
1964.87
1379.03
917.33
1413.19
1713.54
1710.02
1787.82
597.04
1437.59
541.84
1420.71
2072.23
1540.26
1578.22
1036.72
877.23
1661.80
1400.68
972.60
1495.09
1346.03
1931.41
1653.46
666.30
1238.36
1757.80
1276.48
1371.19
1539.71
1634.00
1144.86
705.30
245.67
1797.36
919.74
1732.63
1891.53
1593.00
1519.92
1815.20
811.04
1337.53
1445.20
1336.81
1318.62
702.94
1844.69
1662.66
1449.90
506.44
1169.16
1590.52
1489.75
1001.03
1858.29
864.37
777.13
1353.33
1253.43
1816.87
1408.40
1121.27
1909.55
2147.68
1870.30
1388.14
1118.76
648.20
1654.72
1548.98
1726.97
399.97
1744.33
1782.05
1710.22
1677.13
1742.47
973.53
538.59
1762.30
1707.33
1653.80
1418.85
1179.80
1447.68
1037.93
804.53
1912.20
1020.39
1355.93
1438.61
1062.28
1137.26
1609.69
1941.06
1383.59
617.30
1455.30
1080.94
1671.51
1544.90
1272.08
1750.56
1502.24
1566.90
1985.64
1649.01
1106.97
1385.78
2363.07
1278.44
1536.86
1563.91
1201.03
456.04
1489.72
1065.12
1600.89
811.93
1416.66
1011.34
1252.75
1564.14
696.36
1394.44
1972.80
836.61
2333.71
962.39
1157.30
969.49
1676.79
1858.80
1426.98
1556.06
1305.76
992.22
795.90
1825.41
1213.25
1888.92
1684.02
1717.28
1101.11
1496.80
1556.38
1873.30
1240.96
1356.49
1690.79
746.49
1871.26
1925.16
1869.84
1743.12
1697.07
1105.91
1705.68
301.92
1402.52
1141.78
1362.74
816.88
2002.61
1364.27
1444.93
927.76
1874.93
975.24
166.98
978.85
1016.06
1919.22
1985.83
1787.76
1559.13
1802.09
1209.40
1600.37
1022.59
1202.18
1480.76
889.75
894.91
1761.44
1183.30
762.77
1415.15
1733.68
1451.65
1660.54
1850.96
1267.35
1977.00
1628.81
1513.67
1711.05
1443.57
1348.77
779.73
1090.29
566.44
1626.13
1655.14
1745.71
1549.77
1260.25
1328.65
1299.78
584.41
1813.93
1826.12
1502.95
1704.96
1568.91
1379.40
2141.06
813.75
1274.17
847.29
1719.03
1418.97
991.73
1194.22
1702.02
1813.47
1640.90
1500.61
869.15
2115.40
899.30
1410.88
1592.79
1142.43
1505.22
1349.76
1427.36
1142.66
962.17
1978.59
1579.46
730.64
1790.60
1343.61
1803.24
581.51
1825.69
1577.28
513.63
1103.33
538.91
293.55
1441.96
1258.51
1405.02
1661.27
1485.70
1271.50
1779.87
2088.75
624.37
1563.30
731.73
1701.87
1477.67
1204.16
976.30
1783.77
1836.49
1456.93
1406.29
987.07
1083.42
1761.79
1428.30
1407.46
1235.67
1739.85
493.95
1000.14
964.17
972.07
1801.82
783.70
1043.81
1847.88
1502.19
1279.22
404.49
1330.90
1120.89
528.95
1154.66
847.08
1591.32
1640.71
1705.28
1409.70
1732.53
823.56
1600.33
1827.38
1614.76
1575.00
2382.83
1240.88
609.57
1414.86
1257.92
1993.63
1773.34
1509.15
987.31
1765.80
806.84
1445.40
829.58
1834.55
1442.76
1241.14
1581.15
1719.66
1848.05
1590.52
178.60
1563.06
1735.56
930.59
1066.56
1393.16
1555.43
1411.43
936.61
1761.69
1669.07
1605.66
2076.04
1963.15
1667.57
1311.72
1658.28
1666.38
1388.97
362.04
1588.48
1807.25
1349.11
1208.98
1738.46
644.98
599.98
590.17
1876.38
1266.87
