431.81
175.90
705.20
143.39
463.35
134.22
465.10
209.05
178.65
267.04
161.36
125.43
269.13
449.32
272.00
442.70
421.85
287.55
413.47
404.41
341.84
310.29
194.98
248.04
422.58
234.61
235.18
280.91
197.78
417.99
316.04
323.75
322.76
190.89
257.52
263.97
341.11
129.12
414.52
333.95
132.33
180.95
261.92
334.84
124.74
131.99
425.13
182.96
328.26
260.99
406.94
367.68
196.33
416.66
365.05
353.93
417.85
310.23
119.80
440.98
127.41
277.96
302.30
166.61
423.00
349.38
299.44
412.99
430.23
425.06
265.21
245.53
132.63
451.35
263.96
407.91
152.39
336.86
327.92
207.14
266.77
270.90
276.71
169.08
237.83
417.64
208.85
285.84
301.47
267.05
179.37
286.54
418.80
173.12
328.99
311.18
358.55
219.44
342.12
333.67
1137.48
1587.14
855.43
1713.16
1248.96
626.68
1466.11
1492.15
756.34
1461.87
767.14
1558.43
1503.03
1585.98
1599.41
1482.48
784.20
754.49
1296.60
792.26
1713.78
1653.56
950.14
1135.42
804.92
1634.84
808.17
605.86
664.15
805.61
1493.74
940.66
1053.64
722.71
1437.35
768.95
1165.99
1407.41
1506.35
880.57
744.04
1105.19
1135.73
805.14
1041.72
1425.16
1651.76
1547.90
882.63
1486.05
877.03
1558.03
1032.51
1518.16
1394.75
1001.09
1191.25
1269.14
809.80
753.99
1379.16
599.34
1137.37
937.03
1503.17
1435.11
809.39
653.64
1700.97
497.83
752.89
941.28
836.14
1277.70
1406.79
1450.00
1585.51
743.15
655.54
866.48
1560.46
1346.64
1098.95
1721.80
992.23
1043.52
836.22
895.66
937.36
1480.95
1575.12
1256.37
1000.95
586.46
606.26
1159.34
999.21
692.74
737.86
863.21
1849.67
1587.73
1507.83
1091.16
1600.36
1836.10
1193.37
1028.25
1120.49
1701.18
1570.41
1424.54
1563.99
1164.87
1731.01
1747.10
1571.55
1117.38
1774.21
1643.22
958.52
1383.89
1896.13
1714.13
1872.18
589.00
1406.22
1727.06
1017.95
1654.23
578.86
1552.91
1162.44
634.67
989.23
1749.38
1094.64
1669.83
1668.84
1646.57
1194.45
1591.23
753.36
1643.52
1688.55
1849.89
1925.13
1843.04
1631.64
1834.54
1294.62
910.71
1951.92
1575.94
1923.17
1152.85
1524.45
844.88
1505.27
1253.82
1520.38
791.83
1887.74
1256.97
1575.73
1734.87
1730.15
1234.93
1563.87
1942.16
1658.36
1778.64
1531.46
1099.94
961.97
972.85
1935.38
1497.18
1587.62
992.17
1831.91
1161.95
1593.60
1751.54
1612.05
1887.71
1800.40
645.29
1689.95
1135.91
1997.82
1787.53
1828.76
1932.18
991.88
1473.10
979.77
984.52
1677.15
1695.21
1471.77
1119.21
1336.20
798.62
1343.95
818.06
917.92
1436.84
1397.65
1483.36
1029.56
1294.38
1077.81
1227.11
1208.56
891.29
1003.77
690.56
1159.10
1038.83
1547.02
850.30
741.76
1416.45
1485.98
1106.86
1242.18
1625.09
1132.58
989.03
599.92
693.16
653.78
1699.46
1390.39
825.21
786.94
458.72
931.41
1040.41
738.39
868.21
1370.22
1425.47
1022.00
1134.47
1434.37
692.61
979.78
1099.69
1660.83
993.27
671.68
1096.97
653.79
719.22
1366.88
1429.75
625.92
720.71
759.88
1097.75
1759.54
1420.63
641.49
1674.79
1472.08
822.01
741.97
1131.30
1047.20
1124.09
1433.20
1344.95
1399.71
1106.76
1395.69
639.16
700.74
1279.35
771.80
991.63
1327.33
633.05
1178.13
747.45
1692.26
528.63
943.01
1361.33
661.43
921.65
670.76
1336.52
1747.11
1134.60
1388.36
890.18
1226.23
1668.86
828.43
321.91
805.70
765.84
530.07
356.63
640.41
747.70
553.98
647.28
450.01
568.79
747.27
749.79
735.21
549.24
967.44
440.61
928.32
407.88
722.39
366.59
675.46
740.99
669.65
683.54
855.89
596.04
486.99
943.61
540.06
542.11
587.53
725.13
574.80
895.66
671.43
491.26
699.79
542.73
784.04
864.86
333.43
305.89
538.65
876.87
439.96
493.24
885.58
485.14
305.73
302.03
354.47
705.36
1212.48
658.28
863.79
787.71
430.82
792.75
832.45
781.47
861.24
773.01
1267.43
497.95
880.23
1199.22
1188.27
339.45
919.65
929.13
1225.53
1009.05
739.98
780.82
1105.01
1149.80
813.12
418.14
388.33
715.34
313.03
351.06
766.99
654.72
1259.28
865.78
778.26
1193.48
523.06
580.69
455.14
780.26
410.52
336.24
1128.34
952.54
776.45
779.62
1039.11
822.52
651.41
319.46
1064.80
184.46
782.74
623.95
867.56
612.04
855.53
770.18
635.98
427.46
315.08
768.15
726.05
1268.24
848.45
437.14
1017.30
743.86
1249.64
433.41
642.27
436.70
628.46
755.30
805.17
383.34
644.51
955.89
744.01
663.16
319.31
813.13
1064.31
338.55
1112.51
622.86
865.66
1011.09
831.55
300.10
449.54
413.06
1248.14
1118.24
410.30
773.84
1480.15
1132.70
1329.48
1416.22
1259.45
492.34
657.25
797.77
1057.69
1426.31
756.37
1434.35
913.88
704.94
1448.22
668.54
749.35
598.35
918.42
1344.35
641.56
576.51
1016.43
1500.89
1218.74
629.46
1473.98
647.16
1271.82
622.13
583.58
1144.07
608.23
593.26
732.01
1487.64
1350.16
925.50
1087.93
1214.38
1531.14
867.76
1017.67
1520.45
675.18
536.20
1442.21
1175.95
890.58
1356.28
1448.11
767.60
1584.82
1355.49
570.98
1416.21
1025.00
551.71
806.02
1503.10
865.46
1098.16
1196.94
1534.36
1423.26
847.20
1074.55
1383.89
1359.10
625.94
1492.82
472.92
1385.01
511.25
850.74
1393.04
1339.99
730.23
1481.94
1035.77
900.15
669.52
662.07
1514.05
859.80
696.66
1475.85
1424.22
701.67
1491.01
493.94
1149.62
756.69
994.24
980.01
1180.34
637.84
1263.56
1473.50
785.00
1919.53
1780.91
1836.55
1735.66
1778.74
2022.16
1892.59
2122.07
2074.07
2194.96
2244.01
2195.72
1837.03
2213.18
1793.27
1808.59
1836.97
1791.18
1859.77
1975.87
1754.78
1850.38
1742.50
1938.44
1940.62
1825.12
1800.03
2167.74
1779.65
2229.20
1804.12
1813.32
2002.65
2105.39
2162.70
1823.36
1794.18
1885.49
1861.30
1796.13
1772.91
1891.35
2063.43
1752.12
1806.47
1817.78
1944.29
1787.11
2177.84
2279.94
1804.70
1958.55
1784.75
1828.58
2034.77
1829.94
2041.65
2201.69
1818.22
1694.71
1806.26
1855.30
1725.13
1777.86
2219.42
1952.95
2010.13
1747.98
1894.09
1787.58
2074.62
1797.95
1843.27
2237.43
1769.38
2199.40
1830.42
2235.74
1943.93
1817.74
1802.21
1728.21
1841.38
1806.47
872.85
1895.93
2028.77
1816.19
1821.51
2175.38
729.86
2210.87
2036.53
1911.87
1899.51
1857.53
2032.33
2091.21
696.48
1755.25
1345.50
1187.60
960.05
1836.37
1461.83
786.18
1191.75
1273.35
654.23
1229.50
1920.30
1607.22
1869.37
1753.55
1523.75
2027.81
1736.04
1666.77
1805.02
1457.20
1399.60
2327.91
1763.06
1877.75
1555.56
1439.30
1624.90
767.79
1862.71
1432.65
1669.18
1619.18
1836.32
1085.87
1463.71
1907.06
608.49
1857.54
1640.38
392.32
1795.58
1887.26
1226.99
702.49
1327.65
1760.00
1909.57
726.81
1618.02
1434.30
547.57
1450.74
1270.20
1945.46
1615.65
1001.61
1567.56
1789.72
1343.68
1991.96
1287.37
1139.22
672.50
154.91
1402.22
1276.83
1165.91
1993.10
1339.26
862.55
1590.51
1458.96
1391.36
548.88
1584.86
1575.73
1445.28
1703.35
696.29
1591.88
1271.45
1081.56
1488.99
1810.38
595.11
1655.34
1431.47
1744.59
984.10
1782.62
2137.01
826.27
1587.60
1338.10
1478.86
1709.36
1825.82
1263.34
1025.54
1182.61
1559.73
1813.67
1574.91
1819.55
1907.22
1818.18
1761.81
1823.54
1334.10
1735.03
1296.03
1250.73
1198.25
1462.71
1426.90
1322.54
1508.14
1397.73
1437.95
1604.79
951.05
1562.28
1783.18
1236.49
1218.37
2046.51
1229.42
1688.72
1516.22
1886.10
480.66
1453.95
1366.07
1084.62
622.80
1461.14
1118.79
1201.75
1718.57
1219.88
808.00
1381.00
788.64
1884.60
1098.39
1927.07
1947.93
1085.43
883.29
1763.71
1651.98
1587.60
1803.44
1998.69
1480.10
735.67
1649.87
751.29
1366.93
1860.44
1866.78
800.38
647.31
1375.16
1592.23
1150.65
766.91
1690.71
1566.85
2007.91
1715.14
1930.20
972.71
1765.06
1325.91
1440.15
1728.17
1947.03
1546.21
1687.95
967.09
1845.13
1887.84
1579.56
1610.52
1414.58
595.89
1058.74
763.40
1460.67
1976.68
1773.67
1393.05
1502.29
1196.63
1466.51
1721.20
1728.72
1336.32
1700.02
1492.77
1381.64
1893.29
1534.69
1040.09
1686.30
1375.99
1536.08
1625.66
1966.80
1513.10
1678.08
1764.90
1536.35
1614.16
2285.11
1918.81
2033.21
1509.61
1049.74
1135.49
2401.71
2135.47
1773.69
1371.67
1712.67
814.17
546.34
1496.87
1542.60
1202.93
1048.37
1245.60
1825.01
1953.55
1606.58
1664.01
2033.16
2052.96
1775.02
1506.30
1559.97
1824.88
1505.12
2147.26
1648.33
1292.95
1822.68
1765.90
1917.80
687.82
732.61
1898.78
1548.54
1744.94
2144.65
1656.32
1823.39
1639.28
2022.38
1372.45
1782.64
777.56
1552.53
1630.97
669.11
1292.16
1492.03
1031.97
1918.47
1663.89
772.91
1606.75
1787.21
717.75
1276.55
1675.28
1747.79
1823.37
1461.10
940.43
996.97
937.29
1480.49
1411.74
865.42
719.58
1200.14
1097.62
1782.98
1485.82
1042.37
765.46
1218.06
1132.04
1534.30
586.20
1242.24
1221.80
1788.46
676.60
1358.32
954.21
1971.85
1452.10
1576.80
1737.42
1621.29
757.81
1886.76
1727.01
1103.97
1200.63
1738.60
1551.53
1245.72
1723.66
1797.64
1730.74
1630.10
435.98
1779.23
701.67
1402.48
1343.93
1602.29
1154.72
1566.17
1810.93
970.81
1480.04
1227.90
1808.42
1683.94
1402.05
684.96
1132.28
1780.52
1680.08
840.11
1808.92
1469.18
1213.54
1579.33
1480.97
1432.94
505.87
1095.69
1835.55
1798.17
936.80
1030.42
1879.99
1226.03
1385.84
1757.24
1632.17
1482.00
817.07
1834.41
1633.27
1841.94
1663.99
1462.08
1481.13
1589.94
1882.05
794.99
1738.10
1561.38
1507.80
1354.04
1863.90
820.04
1675.87
1489.74
1905.70
2005.83
1575.00
1676.07
1452.99
1782.79
1686.02
963.64
1008.79
1252.47
1310.05
1487.64
1793.95
1999.54
1499.64
1176.62
1336.77
1226.07
1515.84
1218.27
1857.82
1763.16
1801.73
1270.35
1659.63
1662.02
276.16
2129.67
1368.88
1623.88
1648.42
1851.52
1909.20
925.73
644.08
1229.95
743.28
1802.51
707.18
1861.32
422.45
1391.29
1655.31
1507.76
1641.85
1492.49
1256.66
1742.47
1118.65
1637.99
1673.85
1494.16
1973.56
1705.87
682.82
1596.45
624.05
1622.08
971.55
1816.12
1003.77
1499.29
1317.95
1001.58
1685.43
839.02
1719.14
1712.00
1664.59
1952.36
1797.13
1494.15
1191.38
1118.47
1741.07
1248.07
1541.89
1484.54
798.83
1143.79
1457.26
979.64
1800.69
1302.49
1891.87
486.78
1826.71
1487.35
1828.25
1684.62
447.80
789.48
1753.72
615.57
1041.04
1418.71
1500.37
1711.77
1341.07
1806.14
1340.46
1762.99
785.08
1550.73
1539.16
1199.99
1495.85
1627.46
1647.35
465.44
1178.82
818.45
1417.49
1484.24
1015.78
1200.90
889.47
1117.42
1081.82
1569.22
1872.52
1701.67
2162.80
1352.23
2042.10
1800.38
939.19
1271.90
822.88
1097.74
1547.37
1178.39
1811.33
1807.31
1553.36
760.25
1680.39
1260.94
1686.24
1755.08
1965.31
1299.95
1738.04
849.72
1566.10
1274.95
1060.70
1683.31
1422.27
1626.00
1746.58
934.45
1313.92
1580.31
749.84
1607.48
1351.16
901.81
1692.38
1494.10
2025.25
1201.13
576.24
1213.85
1507.97
1896.95
1786.82
1714.47
1390.48
845.44
1534.48
1679.81
1424.86
1512.31
1937.62
1365.88
1588.82
1443.01
1655.93
1837.19
1514.91
1835.69
1245.02
1103.32
1086.50
1434.32
1609.73
1011.16
1891.34
1580.95
862.59
1534.10
1893.74
1520.64
1144.46
877.56
1528.76
1240.56
810.25
1385.74
891.94
1436.81
1285.96
1239.64
1624.00
992.92
1316.44
1254.47
1177.40
1416.51
1690.41
740.22
1685.94
1186.68
578.41
1366.04
946.88
1465.81
1060.91
1647.72
1285.20
1391.07
1327.17
1744.68
1185.30
1692.72
1239.39
1636.80
1926.47
2150.70
1635.45
1336.47
599.74
1726.05
1561.08
1469.16
1341.60
1588.71
1778.59
1563.50
1523.42
1523.08
1098.97
1940.90
1796.04
1810.91
1189.02
1354.78
1565.91
1664.81
1474.09
753.63
1693.43
1497.20
1877.92
1407.16
864.97
1722.38
1801.74
1377.08
1958.15
1470.12
1572.78
730.70
1475.91
2092.38
1517.71
1646.72
1929.27
1710.21
1481.73
1851.73
1502.10
1521.48
1524.51
1514.31
1647.89
2036.32
922.32
742.71
1749.55
1497.80
1305.59
334.20
1353.01
789.59
943.11
1848.11
941.20
1547.03
1739.91
1616.96
1405.59
1859.27
1473.28
1159.98
1504.67
1951.93
1563.39
1640.62
678.91
1303.84
927.62
1561.81
1515.53
1287.07
1406.92
1717.33
1625.40
1209.24
1682.70
1464.63
1599.85
1836.80
1206.56
1887.29
1500.66
1822.47
1117.64
2085.44
1613.31
1984.64
1270.96
1168.48
2004.84
1796.77
1535.44
981.69
1391.00
1784.69
1491.25
1583.46
1416.39
485.41
1574.42
1028.16
1323.42
1380.88
2345.20
1291.70
1444.10
1647.42
1055.90
661.62
1345.55
1528.46
1399.37
1552.11
1015.90
1065.66
1561.24
1441.31
1511.29
1449.64
1890.85
1515.22
1238.25
898.47
1521.90
1775.37
1580.18
1422.52
1514.41
639.45
1084.23
1082.30
724.91
1322.05
1610.82
1635.18
1821.07
1231.99
1752.95
772.77
1653.69
1852.19
1114.01
1973.46
1245.81
1837.42
773.43
607.58
1535.54
1177.73
1836.93
1238.91
1715.42
1659.63
1490.28
1627.43
1251.17
928.44
1883.01
1719.58
556.10
1239.28
839.05
1110.56
913.51
1448.26
1541.57
1551.58
1715.08
672.39
929.15
589.30
1392.45
1106.66
1552.07
1049.87
2170.09
1611.61
279.80
1503.81
1266.92
635.58
1199.42
1431.58
887.53
1750.82
746.29
1811.87
831.83
474.12
1473.61
1058.01
1473.78
1568.27
1177.30
1630.63
461.22
604.15
1713.84
1701.30
693.18
880.55
1115.11
1424.21
1473.10
1431.55
1803.09
433.42
1349.78
888.14
1509.67
1669.51
1836.03
1686.96
1529.05
1919.54
1419.01
1946.84
1229.31
1631.95
840.04
1447.10
1471.61
833.22
1578.28
1642.76
1626.72
1740.28
1394.31
1715.06
1480.08
1226.49
1339.27
1195.60
837.89
1743.90
1594.58
1469.58
1486.37
2148.33
1805.88
1761.19
414.09
1130.58
1256.42
2114.20
1538.02
1111.57
1541.58
976.81
1966.45
1703.50
2046.75
1620.07
1526.33
975.51
1986.22
1743.95
531.75
1341.54
897.69
1340.10
1550.77
1525.19
1490.57
1705.50
1366.98
1926.26
1351.79
1080.39
583.82
1622.37
791.96
1254.11
1561.61
1073.03
617.86
888.25
1317.55
1170.20
1615.62
1086.19
1717.04
1707.32
716.90
1521.16
1445.05
1399.96
1341.21
1298.77
1802.07
1525.68
1816.56
2162.22
1915.72
1559.96
1407.03
1136.25
1443.63
1493.92
1722.02
1701.39
558.21
1786.10
1859.24
1783.20
1807.87
1309.66
1395.52
1245.92
1219.44
1764.20
673.01
295.98
944.23
540.74
1436.79
1089.84
873.91
628.62
914.18
1661.05
1399.76
568.11
1303.60
1655.48
888.72
1766.92
1849.25
1488.93
1544.61
371.81
1485.82
1495.78
944.31
1291.90
1419.50
1205.00
1939.33
535.65
1574.50
704.86
2481.96
1362.53
1961.12
1181.91
1428.11
1348.26
1680.35
702.47
1396.10
555.60
1454.36
1641.04
1890.62
611.28
1714.21
644.03
1099.75
1044.30
1217.26
1726.15
1372.94
1473.49
1496.86
863.54
487.85
1175.57
1929.10
1811.81
1086.09
2251.44
1923.18
1660.98
1002.23
1591.96
1470.57
988.69
1673.88
1091.53
1670.62
1326.51
1536.63
1617.41
1549.90
1383.93
1683.77
1737.98
1660.83
1522.65
1186.50
1593.05
1830.40
1034.73
1698.59
1248.04
877.33
1710.61
1656.96
1958.31
937.37
1263.64
1372.97
1045.76
1727.33
1259.96
2001.21
636.46
1402.54
1454.62
1411.85
1459.88
1786.46
2016.98
1580.36
1156.31
1296.74
1711.74
2164.75
480.69
2071.01
761.53
971.97
1727.58
1118.16
1490.59
564.86
2106.64
1535.71
1961.58
2023.69
1215.18
1761.33
1532.47
1965.73
1628.93
1487.56
957.77
834.78
1603.55
802.08
1764.36
1451.08
1377.13
2402.00
1606.33
1595.83
1525.90
1187.12
1757.93
1768.36
1932.85
566.63
1111.88
1143.11
1495.24
1816.17
1698.90
1519.86
1898.52
1628.97
1498.56
1641.05
1752.70
1571.43
2080.40
967.28
1384.18
1002.02
1704.48
715.35
1755.24
665.16
1359.15
824.48
1184.13
1257.56
1218.63
536.01
1410.89
1393.65
1669.58
1170.77
759.70
1135.76
1611.66
425.03
723.25
1628.42
1818.10
1414.78
1741.31
1687.65
1761.05
1642.07
1665.00
1704.17
1322.17
1764.92
1606.38
1236.81
744.11
1189.07
1132.79
1493.29
554.94
1545.97
1887.45
1748.71
1396.51
1546.34
993.22
1716.57
2346.25
1486.15
1192.27
1796.04
1153.57
1364.97
1521.36
1604.20
972.83
1173.22
2050.00
1719.94
2169.65
1400.07
1647.21
1765.23
1692.34
1905.08
1700.70
1766.07
1718.22
1381.92
1764.85
1419.82
1639.29
1346.82
1502.08
1500.24
1496.66
814.38
688.28
1721.62
1639.80
1158.22
1276.74
1132.18
1500.91
1280.72
611.73
726.85
1515.85
1704.54
1645.96
1518.61
2000.43
1813.85
2144.96
1212.88
1496.53
818.23
1355.03
1000.80
1807.95
601.20
1623.48
1053.70
1760.36
833.81
1382.92
1592.75
1034.13
1508.67
1716.01
584.28
1353.64
1316.64
1475.99
1444.84
1601.11
719.87
1438.15
1649.07
306.89
734.89
1821.01
1520.46
879.90
1142.92
1838.43
690.78
717.27
1655.71
1714.48
1727.54
1796.08
1954.47
1290.54
1576.10
1255.74
1746.98
1712.78
1566.68
1639.99
2105.67
599.37
1805.50
1406.11
1662.20
1541.35
758.00
1257.92
1576.25
1588.34
836.18
1441.60
1849.48
1467.41
936.07
1531.75
1378.06
1607.35
1812.46
1893.25
639.09
253.69
825.03
1647.82
1737.30
868.30
1617.17
1538.45
1888.94
1693.68
1787.99
654.19
1959.79
1779.76
1597.01
1706.53
1926.71
1417.76
1894.54
1527.78
1185.93
1410.97
863.64
1620.78
1543.41
1778.27
1175.38
1489.24
303.89
1882.22
1512.65
1404.46
485.55
900.08
1851.44
1578.26
1717.92
975.48
1803.72
1407.05
843.29
1856.01
1348.40
957.91
752.03
1214.19
1807.77
2022.75
1402.25
625.67
1240.69
1080.61
1033.09
1759.71
1175.77
1428.39
1342.05
1484.17
1550.06
1981.75
838.09
1449.91
1884.80
1659.57
416.94
1989.45
1562.10
2056.18
1807.41
823.59
1172.87
588.86
1738.47
1693.62
753.04
1200.17
1750.82
598.03
1074.89
864.33
1724.60
1533.58
1984.18
947.16
1177.09
1236.94
1586.99
1903.15
664.43
1882.75
1388.68
1455.46
619.58
1727.56
1535.89
1915.46
1819.02
715.82
1747.76
1116.60
1846.99
1517.87
1657.15
1673.38
716.23
1142.85
1060.19
1044.65
1509.20
1495.63
1780.85
1474.24
1312.35
1559.81
1269.73
1416.61
1428.46
2053.40
1166.08
1824.76
1587.82
1712.47
1473.52
1192.69
1474.79
1965.02
1741.50
835.13
1618.54
1472.77
2097.82
1690.25
1638.83
1737.76
1426.52
1502.60
1669.21
1799.41
1164.18
1581.24
832.48
1748.62
1841.30
411.67
1655.62
1904.34
1760.39
1499.64
1391.98
782.40
1225.05
1790.44
1167.72
1763.48
1195.76
831.90
1530.74
1545.27
1437.76
1765.91
1218.76
392.52
913.66
1779.57
1872.17
1684.34
1657.45
1872.10
1337.31
1615.37
1741.98
1605.96
1364.81
1479.88
1428.18
1639.16
1117.86
1566.83
1515.51
1150.51
945.77
668.46
1807.24
1221.19
1487.38
864.13
1110.35
1447.81
1591.43
1193.59
1314.76
1743.99
735.71
1860.60
973.73
784.75
1782.40
1070.34
1674.23
1956.52
1143.06
1776.61
1822.92
1957.79
704.34
414.25
920.32
1513.96
1818.00
588.28
1750.62
1828.94
1276.20
1663.56
913.63
678.73
1716.56
723.77
234.08
1286.29
1841.26
1665.95
1623.18
1959.07
1717.45
2165.40
1665.11
1418.85
1338.50
1671.02
927.80
1519.95
1523.38
1871.27
1451.03
1635.10
1240.71
1551.10
1564.16
1514.36
1460.38
1253.71
1788.65
1050.60
1769.07
2134.08
800.28
1854.98
152.20
1973.61
1314.30
1731.65
1811.41
1065.52
1810.41
2015.95
1656.02
1647.42
645.50
1530.68
1717.37
1590.62
1354.37
1725.49
1042.68
1975.86
1652.38
1210.21
223.17
1903.41
542.26
325.01
1305.35
899.49
1797.24
1775.83
1462.87
1840.51
1576.12
1534.97
1550.73
1123.53
822.18
1729.34
1171.86
1638.49
1426.12
1445.31
1690.95
1642.80
1550.84
734.81
641.31
1445.41
1819.12
1022.60
693.36
1207.70
1164.66
1348.85
1040.49
1684.14
1577.22
1834.75
790.39
1863.13
809.03
1822.51
1973.99
1469.98
1241.17
1528.61
844.98
1819.46
1308.38
938.83
1622.20
1109.80
855.09
591.14
783.85
535.50
2204.73
1887.73
1685.53
1351.65
1128.17
637.20
1519.54
1745.22
1166.27
442.06
1669.36
1736.20
524.86
1368.22
776.18
962.64
1226.46
2096.78
769.85
455.21
1256.32
1686.23
1513.73
1886.87
1892.20
1294.11
1668.51
1889.00
1266.46
952.78
1084.38
1736.19
1320.13
1601.78
983.38
1744.77
1926.92
1734.46
1205.95
1887.32
1851.22
1339.13
1711.23
1528.71
1009.67
1920.19
1345.02
1276.25
1486.22
1731.77
1496.73
525.91
1556.61
801.52
1101.11
225.37
1702.57
1865.89
1714.13
1195.93
1276.10
1685.94
1844.89
1625.16
1185.88
1484.92
651.00
1721.50
1855.58
1064.47
1826.97
1234.15
1726.30
1979.32
1637.33
731.18
926.80
1514.89
1888.35
1537.81
1194.19
670.19
1336.44
1202.90
1836.09
1571.82
1822.77
1532.50
955.70
1944.65
1430.69
1634.44
1043.99
1556.64
995.64
950.64
1584.08
1615.86
1544.36
1577.20
1816.22
1169.80
758.36
979.68
1721.27
1650.28
1677.28
1378.49
1277.50
1310.54
693.08
1837.13
1262.44
2000.03
1006.36
1670.14
566.68
1408.28
1224.94
967.95
438.30
1723.29
1683.60
665.82
1176.79
1749.13
1998.20
1277.16
1902.46
1570.26
1578.02
1630.28
1523.49
2093.67
1011.31
629.84
1981.33
1698.77
1609.14
1802.75
2189.38
1507.72
1594.79
1635.61
1382.76
1215.46
1244.79
1273.52
1691.02
1473.42
1963.33
1504.99
1599.01
1629.06
1607.03
863.78
1877.47
1064.05
1410.24
1434.86
1688.87
1868.83
607.11
1127.64
1395.60
1940.06
1742.31
1078.56
1859.72
1662.49
1669.16
1771.45
962.08
865.76
1819.16
343.83
1935.06
1979.32
1755.38
1755.16
1463.70
1530.79
1501.71
1866.78
385.56
1612.58
1122.87
1226.52
1966.88
986.72
1218.89
1473.72
1605.14
1618.84
1509.03
1548.83
1480.12
1803.80
779.56
1293.00
1201.12
1262.37
658.94
700.56
868.02
1647.71
585.50
1543.92
993.87
1486.88
1928.25
1933.96
1526.94
1907.16
1506.38
1338.80
1710.85
1807.21
1148.23
620.53
1145.96
1679.33
1613.33
1816.41
2184.05
676.46
550.65
1793.14
1112.38
1794.87
999.48
1846.43
1225.56
1608.28
1311.76
1199.82
1344.51
1454.89
1751.62
1298.61
2318.77
1504.22
1470.83
1646.72
1665.05
1914.40
1696.62
1562.32
1330.80
2255.07
1183.13
782.05
1624.76
1324.58
1657.00
855.47
1283.70
1347.25
1669.30
1619.39
1702.35
1310.57
1451.26
1581.92
501.79
1649.74
1546.87
1692.83
1905.32
582.32
569.79
1667.97
1878.83
1153.21
1904.85
779.92
1136.94
1414.61
730.22
2080.04
1419.28
1105.40
1862.24
745.02
1455.73
1037.39
797.43
1468.84
1573.99
1866.76
1523.64
1653.80
1607.62
1167.56
1863.50
1641.45
1554.93
1808.84
331.92
1769.16
1372.01
1681.66
607.94
720.26
1875.67
1870.47
1312.25
901.61
1588.74
1909.11
1716.78
1265.36
1664.94
1561.76
1192.03
1599.71
1631.49
1487.79
1170.29
1286.13
873.22
1839.99
2158.18
1528.89
1969.59
2304.39
1773.82
1585.19
1718.16
706.51
825.39
1487.81
826.69
1516.30
1449.16
1992.62
1064.79
1827.84
1605.84
1587.76
1747.28
1579.49
1784.71
303.14
1127.27
663.49
1443.63
771.92
1977.98
769.10
2188.47
1662.60
1393.42
1089.82
497.09
928.63
1671.97
1592.77
1626.38
997.30
888.36
1437.51
1277.70
1618.83
945.49
897.09
1565.09
1562.71
2084.77
908.12
1345.77
496.65
791.21
1848.38
1483.25
1854.00
1548.33
1608.39
1497.66
1777.97
959.36
1139.13
1952.99
1462.41
1565.47
580.55
1500.60
1753.70
393.79
1865.04
1866.89
1116.58
1485.79
1055.12
1758.56
1203.93
1529.51
1499.92
1469.52
656.53
1679.25
1699.94
1662.97
965.06
969.80
1889.32
503.17
1764.21
1956.12
861.00
1491.03
2019.51
1610.73
785.05
1734.21
1294.35
1193.47
1400.02
1846.22
1007.73
1342.51
1943.70
1596.50
1251.34
1707.37
1710.88
1344.56
1062.36
1514.83
1209.75
710.76
1187.03
1455.11
385.01
1640.04
445.32
1554.08
1273.20
1764.12
1707.14
1879.67
1468.26
1559.46
424.65
878.00
1627.45
1890.03
1295.58
1624.14
1907.69
576.21
1412.52
1532.86
1171.78
1476.44
410.13
2504.36
1428.08
982.83
778.64
487.52
1919.67
1404.10
1429.51
1951.14
1851.51
1303.12
1625.38
1523.13
1156.82
1809.16
1657.13
1616.20
1548.70
1515.87
1956.53
1530.46
1735.53
994.47
907.29
1702.06
1763.72
1439.95
1007.88
2124.21
1518.67
1613.98
1614.27
1652.54
1496.98
1241.72
1564.06
1320.31
1901.60
1234.48
1734.08
1723.97
1683.26
1942.58
1328.44
1511.70
1638.08
1602.24
1420.34
923.68
1152.56
1676.88
1441.18
1833.15
1575.22
1269.78
936.97
1167.98
1136.10
1909.86
1499.81
1223.74
1875.57
1397.04
1717.85
1997.71
1910.79
1612.76
1590.80
1658.57
1224.74
574.41
1646.01
1839.90
1797.39
1686.39
2346.10
1691.43
1824.18
1346.50
1140.78
1294.60
1734.57
1585.12
1628.33
1235.97
1582.83
1690.69
935.95
1780.28
1418.34
1986.09
2395.46
1317.42
649.19
1663.39
1771.11
1801.97
1697.34
1039.67
2024.98
1746.44
1901.58
1343.12
1595.76
1845.89
433.63
672.15
1410.76
857.12
1542.51
1176.69
1745.76
1109.53
1168.69
1229.94
1205.89
1698.80
1678.19
1380.32
1229.07
1713.51
648.28
1552.32
974.84
1963.95
1500.44
1500.94
1434.06
1462.81
1774.32
1353.02
1127.02
514.31
942.96
1569.99
930.84
1434.82
1677.44
1625.55
2073.05
1875.45
1731.80
1586.34
1698.01
1426.35
1995.89
1601.53
1566.31
1884.16
1989.79
1500.43
1719.70
1533.62
1476.53
1723.82
1031.26
1316.60
2100.32
1855.83
1511.85
966.70
1639.87
2008.39
1546.66
1654.85
708.31
1939.29
738.16
1798.75
879.82
1289.17
1622.43
758.39
1526.09
709.61
1893.63
1767.54
1702.24
1266.54
1120.57
1380.65
1956.11
1851.21
1463.86
1763.74
1355.91
940.76
1671.30
1174.87
1559.11
1116.17
1504.57
1841.49
1924.50
2032.76
1541.47
899.94
1865.04
1139.83
1570.45
1353.05
1747.00
1203.03
1011.78
1244.31
1691.95
1457.62
1554.39
1092.25
1662.25
1635.18
1734.58
2001.38
1805.99
531.14
1389.17
1194.21
1398.66
2166.62
878.74
1613.07
1909.20
1143.40
1314.70
1787.53
1700.37
1610.83
1673.70
575.45
872.90
1224.77
1583.80
1616.49
1674.84
1556.68
1631.27
1496.85
1593.81
777.30
1680.22
1789.93
1922.50
1971.96
1814.95
1519.59
893.58
928.54
1658.64
933.42
1463.68
1535.45
1544.94
896.37
1796.53
1970.07
1079.51
751.74
947.78
971.04
1761.83
1168.79
1773.75
1773.16
1586.19
921.20
1549.25
962.25
1432.48
1597.99
1118.74
1674.25
1529.42
1041.98
896.95
1434.49
997.20
1843.46
1261.83
1255.20
1726.04
1494.06
795.58
1230.53
1521.39
809.28
629.22
878.83
468.92
1370.75
1795.85
711.35
1607.51
1584.94
1736.03
1584.77
1835.36
1940.10
823.38
1488.09
2236.86
1578.49
1757.70
1347.96
1375.55
1708.81
1333.42
1383.82
1072.63
1608.26
1720.90
1476.61
1195.46
1681.78
782.27
1185.87
950.30
1625.62
1115.99
1351.55
814.34
969.30
1410.26
1020.05
984.55
458.57
1677.29
876.85
808.47
1865.60
748.71
2040.50
1370.50
1575.57
1865.57
1385.41
854.27
1805.15
1690.72
1819.54
669.44
1009.90
1005.34
1746.52
569.31
1524.16
1693.65
1466.62
1822.84
1154.36
1081.58
1545.82
1559.86
1976.15
2019.76
1491.81
1691.00
1685.10
817.63
1589.34
1128.16
1710.27
1022.75
299.51
833.34
1262.42
1743.85
1965.65
1002.05
1526.38
1416.70
759.94
1419.34
1598.89
1571.21
1605.58
1603.31
736.33
1635.64
855.88
1698.38
1276.46
1195.48
1053.11
2034.02
1342.59
1293.29
1952.12
1659.02
1252.60
1790.77
1722.27
1706.94
2008.39
1746.13
1281.50
1523.61
1491.86
1657.75
1288.79
1740.89
1222.33
1634.47
1653.01
1874.78
1825.62
2424.01
2296.73
744.03
1506.80
1702.56
1585.56
657.54
757.72
1153.58
2019.12
1361.75
1457.70
1762.44
917.13
1623.70
1563.29
1812.66
609.24
1028.12
1707.06
1753.85
899.23
1130.82
1965.15
1722.98
1783.59
1886.81
1336.26
344.93
2027.52
1446.33
1225.09
2343.59
1448.53
784.38
1233.22
1579.06
1756.90
1798.72
1779.36
884.89
1624.38
1352.80
1642.18
1799.76
1423.89
1731.29
1375.98
1799.35
817.24
781.06
1185.54
1381.24
1787.09
1085.31
1851.19
1324.29
1474.28
1488.28
1473.82
547.60
1187.89
1893.93
1766.74
1296.56
833.51
1120.95
1491.70
2206.92
838.23
1800.52
1408.64
2069.20
1491.16
1967.17
691.73
1639.13
1380.43
1205.44
1489.19
1101.25
1036.72
1598.48
1233.89
765.78
1551.25
1607.05
1714.02
1462.71
1501.32
1373.99
2182.39
1545.94
1516.96
1148.97
1179.20
1866.84
1608.10
1530.01
868.61
1457.03
1861.86
1656.64
1750.04
2017.34
912.09
1568.69
1742.84
1642.17
900.99
1991.86
638.37
1518.13
1615.24
1420.42
1249.46
838.04
1157.48
1744.70
996.81
1559.34
733.96
1535.51
1775.24
1281.12
888.45
1628.71
1642.49
1769.37
449.49
1289.28
1145.63
1778.78
1834.98
495.45
1339.38
1370.94
1728.83
1934.99
1366.41
1885.03
1816.93
1062.14
1535.78
1971.96
1557.68
1591.43
1499.63
743.41
1704.59
1502.67
1236.51
1487.75
1831.21
1402.86
449.33
1374.39
1767.87
693.49
1498.16
1581.90
1530.78
1580.46
908.13
795.15
1695.64
1667.98
1295.45
1131.50
1945.64
638.49
1900.13
617.25
1619.76
906.85
1250.05
1434.31
806.28
861.13
1462.99
817.30
1816.16
1381.26
1290.54
1880.80
1324.13
1474.09
1584.33
1391.96
1367.02
1339.32
1361.93
1699.60
851.69
769.27
889.58
546.37
2148.60
1722.11
1300.25
1281.05
489.04
1235.23
1495.63
1439.10
1260.10
2267.00
1317.87
1366.91
1620.89
1809.72
1784.64
1615.25
1787.39
1399.37
1786.01
1780.35
1478.46
1607.80
1615.90
725.72
1745.52
1162.14
1181.76
1839.44
2085.82
1845.45
1260.39
1704.08
868.45
877.20
1880.40
1304.28
1628.84
545.71
1383.58
1805.75
741.62
1590.29
1742.56
1929.63
248.19
1301.04
2074.74
2073.38
758.52
1387.56
1556.17
1860.07
1740.48
2078.85
1433.11
1542.76
829.25
1541.26
1146.20
747.97
1398.29
194.65
2021.97
682.36
687.94
1568.93
1303.31
2013.80
1294.25
1921.31
1926.57
921.37
1865.37
1626.86
2046.47
692.90
692.55
1625.03
1655.35
1612.17
611.42
1688.87
2244.71
1069.10
1113.31
637.99
1752.21
1835.85
1690.59
1818.09
1645.52
1558.99
568.77
1154.93
1756.88
2027.96
1761.45
1743.04
813.89
1630.98
1437.33
1911.67
1322.11
1376.62
1649.26
1080.29
780.33
1840.03
1300.50
1512.36
1788.92
1362.71
1246.31
1487.49
1972.40
738.10
1195.04
1968.43
1757.15
667.87
1550.69
1507.87
1546.31
1771.93
1840.82
1426.85
912.93
1715.10
1482.60
680.64
779.71
1466.67
987.12
1471.08
1367.32
1507.62
1850.03
1739.12
944.01
1677.16
1637.36
1223.19
1346.16
1869.85
1760.14
1666.36
1631.24
1609.74
2016.67
1698.64
1857.74
1871.04
1321.74
1384.46
1601.87
1273.79
1730.46
1725.92
1850.21
1548.80
1719.57
2238.99
583.62
1382.56
671.95
1735.87
1525.67
1657.01
1383.44
871.79
1364.36
1397.30
1442.73
1339.47
1816.07
1936.40
1239.04
2227.92
710.16
1583.27
944.31
1625.41
1221.78
1115.90
1673.53
1555.85
1215.21
745.55
1470.75
1428.35
1470.86
1628.08
1699.30
1486.10
1760.81
1749.43
1507.81
1563.22
1399.33
1214.69
1481.03
2077.02
940.65
1000.47
1612.72
713.48
1790.57
1540.56
1582.65
1365.34
1762.64
1398.40
1905.73
1843.01
1061.29
1728.62
1160.55
743.20
1395.76
886.74
1620.41
1888.74
1537.11
1473.59
1643.45
300.91
1646.77
1212.66
1295.32
1716.49
1116.20
817.59
1718.42
911.88
1317.00
1666.61
709.79
1428.34
667.59
686.09
1468.03
1537.60
1266.76
647.14
1599.71
768.96
1937.43
1659.34
1608.51
1692.33
1444.56
1509.16
763.83
1762.59
1853.88
735.59
678.23
692.74
1735.35
1704.92
1203.18
2028.27
1343.42
1290.01
1916.31
1347.46
1946.76
817.62
1427.86
1580.37
909.22
1827.27
1286.71
1141.21
1781.28
1305.12
986.34
1800.42
2118.93
1554.56
1564.14
1172.89
1111.75
1353.16
1587.38
1302.42
2057.35
1695.37
1334.47
1241.97
850.81
1805.62
1606.57
1337.82
1447.46
1942.59
2202.97
717.41
1655.33
1749.74
798.54
304.26
1642.70
1421.73
1368.87
991.90
798.79
1616.68
1711.02
1562.33
1749.33
1688.11
1429.50
1009.35
1625.86
1066.41
1215.09
1545.62
1089.62
1069.99
690.23
910.56
1861.07
1810.75
1777.14
1839.06
1239.74
1520.21
1637.88
1256.81
1357.61
1786.30
1199.34
1679.30
1669.05
1992.35
1558.14
1433.09
1514.71
1975.00
1004.61
830.72
1457.79
1605.91
990.52
989.39
1395.83
1239.84
1762.16
1459.89
1310.72
1859.86
1672.75
1669.29
283.46
426.86
1781.82
1774.37
886.26
1835.40
844.02
1006.24
728.64
1625.09
1247.90
2053.52
839.34
1494.21
1454.22
703.85
1887.05
1318.12
682.95
1321.27
1727.89
1616.77
1287.34
1911.04
1465.78
638.95
1819.72
1813.37
1422.92
2116.75
1307.45
2185.83
1312.14
1768.68
1063.87
1463.98
836.85
1239.41
1602.29
1536.77
1283.19
1521.60
735.00
783.85
1471.00
1228.34
1709.09
1938.64
1576.68
745.14
1290.38
1159.79
815.43
1659.63
919.61
1503.39
1527.35
1420.35
1442.28
1703.20
929.72
1023.61
1811.15
1366.77
1929.37
1034.60
824.82
1893.78
1000.81
1396.79
1715.59
1739.61
1295.23
219.41
1843.76
1408.25
1854.62
1350.81
1516.31
1314.37
2040.23
1801.84
1707.44
1614.04
1886.17
772.19
1921.42
1518.57
1564.39
1787.43
1808.25
1471.75
1359.56
1817.89
1801.08
1153.72
1738.40
1367.08
971.95
871.49
1478.77
2044.28
1145.32
361.91
1745.07
794.82
1577.71
1389.16
1112.37
1613.54
1518.64
1656.08
1072.11
1698.77
1323.85
1147.20
1182.09
1488.90
1506.77
1504.76
415.79
1261.34
819.64
1769.92
1265.31
1585.74
1242.61
2160.78
1786.36
1231.23
1883.52
1235.83
749.52
1511.54
1223.87
1390.15
1555.58
1336.73
686.21
1630.53
1408.30
937.37
1756.95
1271.26
1801.25
1099.43
1463.91
1087.61
1881.14
1537.05
1944.70
1629.69
1601.50
839.59
923.03
1623.92
802.70
1402.40
1126.37
1238.81
1120.75
1846.10
1795.12
1523.23
1197.24
962.56
1628.10
2293.69
1807.39
675.98
1230.50
1081.52
1545.52
1506.33
1592.52
1604.78
1510.13
267.42
1514.67
1847.26
1425.22
1688.91
1129.15
1855.90
1789.82
1032.31
533.68
2217.76
1183.16
1765.73
1721.47
1431.72
1825.60
1320.22
1734.65
1703.98
478.64
1339.99
278.41
1655.29
834.78
906.67
1836.27
1820.61
762.47
1441.46
1592.90
2036.51
1826.45
334.75
1620.52
1075.31
1866.16
1343.25
1840.02
1913.83
1995.77
1445.53
1745.97
1233.49
1457.50
662.36
1672.87
1488.72
979.20
1223.60
1725.99
1406.66
1724.05
288.61
1733.22
1694.04
1025.50
1079.07
782.92
1457.75
1222.33
1219.53
1231.79
1178.08
1579.03
1542.77
1133.64
1437.21
1545.32
1400.10
1593.38
1401.67
1689.81
2155.01
1190.96
1221.81
970.51
1604.03
813.17
687.12
1334.49
791.75
1850.27
1457.12
1030.83
1768.60
1173.82
1978.01
1308.28
1213.04
1331.68
808.33
1371.56
1355.76
1372.65
1901.21
841.43
1286.83
1422.19
1712.66
586.55
1454.03
1425.69
913.54
1927.11
1754.33
1169.45
1375.02
498.71
1670.23
1714.93
1366.83
1295.37
761.38
2084.15
1222.70
1825.15
1221.41
846.56
1960.83
1363.17
1564.20
1227.68
1618.19
1550.01
1314.46
1246.47
851.09
1330.81
1369.69
995.34
1453.03
825.71
1404.26
1114.07
1347.33
1422.15
1692.83
1920.31
647.43
1287.51
2009.20
939.71
1677.84
1205.68
1772.19
1275.88
1245.17
1571.84
1638.49
1795.61
851.67
1197.40
2052.70
1752.20
1771.14
1410.86
1970.84
1778.11
2089.40
1588.27
1595.72
1603.72
1868.44
1475.18
1162.35
1442.47
1470.34
1320.00
622.51
1142.63
1928.63
1263.94
1661.53
1897.01
760.99
1607.06
836.24
1618.96
1949.02
447.05
1530.32
1384.26
1595.42
1585.64
1286.17
1414.72
714.58
583.15
1296.34
1839.62
2002.70
1734.58
1818.02
1466.16
1750.11
1703.73
2186.30
835.33
1826.76
604.10
932.35
914.86
1499.09
1036.55
1612.54
1134.21
1623.68
1607.47
1792.13
1375.06
1406.52
1761.58
1310.76
1605.10
1886.78
1669.94
940.35
1205.78
1735.53
1271.60
1361.17
852.61
913.10
1513.06
1724.79
1005.83
822.16
1190.69
1684.32
1449.56
1381.08
953.43
1854.83
1550.40
1618.31
1706.01
1419.33
1286.40
746.44
1505.33
910.94
853.95
1786.95
875.80
1296.24
2010.16
901.57
1353.34
1015.48
858.29
1094.34
1297.60
1602.97
1571.64
805.22
1495.76
1916.12
1450.83
1325.40
1690.76
1616.78
1955.13
1228.69
1038.61
1431.44
1764.96
1271.99
1298.22
1682.95
1151.52
465.27
1724.58
1639.54
894.52
1139.66
1185.24
939.94
1610.25
680.24
1292.57
1278.20
1580.33
1612.37
1720.40
1782.27
1421.39
1434.43
1723.95
1767.06
1688.36
1703.34
1866.92
1615.73
1717.98
1263.75
1576.34
1307.88
1264.42
1719.81
1477.23
1233.75
1721.04
702.96
1772.16
1208.53
993.47
1113.70
1950.00
1574.56
1501.59
1621.59
1443.61
1619.44
895.80
1391.14
1237.37
1479.31
1721.41
1013.31
1444.90
1485.04
994.38
1251.20
871.53
1541.51
1680.90
761.36
1252.67
829.35
1681.13
493.88
1083.46
864.50
1426.49
1557.52
1925.91
2037.61
1346.14
942.63
781.90
941.72
1945.27
1596.59
1337.70
1423.21
1542.70
1288.84
1903.87
1602.98
1059.63
2209.76
2126.93
2101.68
1641.26
1552.88
872.99
1566.24
1249.28
1555.31
1513.77
999.43
518.86
2044.23
1348.87
832.96
1500.68
1621.28
1250.95
1589.89
1891.85
1041.25
821.03
1403.69
1759.14
703.70
642.42
583.41
1801.42
1719.06
1417.29
1876.25
1255.96
1951.38
1619.08
1424.20
1663.42
1958.99
1647.55
1288.44
1537.38
871.59
758.00
1521.54
1586.97
1603.22
1583.44
907.13
1851.58
1858.49
1750.76
1952.85
1663.69
1747.55
1443.80
2430.92
1772.51
1230.20
762.58
785.12
1743.11
1047.84
1681.99
1753.50
1495.76
1171.93
1437.93
1398.30
1476.51
781.85
1334.52
1824.22
774.25
1672.84
1005.17
1625.87
1496.59
1185.94
768.33
1538.20
1502.77
1439.88
1509.00
1279.12
1853.98
1309.36
1619.28
1405.07
1834.75
970.29
1865.82
1474.21
1536.67
655.90
592.49
1899.69
1176.36
821.20
1536.01
906.94
1584.42
772.97
1544.45
1815.59
1738.39
1523.52
1818.40
1789.27
1344.49
1441.63
1482.72
1433.72
1177.57
1146.58
1520.25
1402.00
1307.85
1642.81
1610.39
1284.54
1703.00
1772.84
630.64
749.18
1786.39
1504.28
1443.99
1822.24
1747.75
1244.61
1127.22
1660.98
1410.17
984.82
1833.55
1483.85
1828.65
1483.94
1755.41
1186.74
1472.07
1641.64
1753.15
2139.11
971.76
619.87
1331.38
1429.21
907.55
721.49
1844.55
1233.73
1903.37
1294.02
1767.96
1880.56
1738.48
883.07
1347.36
1703.35
1187.55
717.08
626.25
1241.29
1837.21
1776.99
791.10
1375.98
1561.27
1723.74
1613.85
1953.77
2060.66
1872.03
1498.08
1956.20
971.31
1120.50
607.43
1719.46
1508.22
1319.64
1514.48
1613.53
2308.76
1817.03
1751.29
1507.26
1474.69
1549.84
1636.06
2031.34
1978.80
1406.14
734.23
1692.85
1527.49
1249.76
1399.71
1416.42
1905.79
1188.54
1146.91
1279.29
530.07
1587.92
1566.70
1675.67
1486.49
1211.87
1196.53
1408.75
1012.55
546.85
1541.09
843.23
1631.57
1036.56
1909.09
506.49
1665.88
1865.91
1731.91
1627.52
1975.11
1278.44
1787.52
471.53
1270.72
2170.85
1137.42
1343.35
1500.05
1535.06
462.87
1457.11
1488.92
1303.24
1876.36
1884.26
344.98
1525.82
575.31
1605.53
1373.44
1616.18
1449.32
1797.30
2004.16
570.56
207.46
1397.58
1222.06
1147.61
1430.29
889.16
1730.08
763.69
1695.33
1542.11
783.07
802.41
1226.81
1723.11
1896.61
803.99
1661.35
1577.72
1150.09
655.57
715.26
1498.79
1247.15
1111.03
1439.16
836.19
1620.47
644.48
1232.89
1740.02
1628.26
2264.34
1725.31
1481.58
868.90
1746.27
767.33
1627.25
1188.82
1647.16
1302.47
1273.31
1449.63
1572.53
1614.02
1454.06
1959.87
1873.69
1888.70
1099.52
1793.85
1353.62
1394.91
1939.40
1750.49
1699.26
414.02
1205.42
1281.47
1808.49
1399.43
1857.50
1736.96
777.60
1592.31
1700.25
1836.07
1058.92
1112.03
792.01
1506.63
2170.96
1026.13
1779.79
1617.03
1362.11
606.74
1706.05
759.67
1501.87
553.50
1117.62
1355.13
1257.34
1866.94
2115.23
888.97
1696.35
850.60
729.76
995.43
1226.64
774.52
1543.91
1813.49
1209.39
1426.99
1239.73
1285.46
1532.19
1517.41
1187.47
1257.03
1284.62
428.96
580.58
1591.08
1129.99
1167.42
1079.10
1387.00
1214.41
897.16
1793.67
790.48
940.19
1480.02
1620.96
1533.54
1143.92
1562.56
1712.48
1691.54
1437.97
1898.88
1396.10
1752.12
1774.92
1084.10
1751.10
1495.92
1794.41
1446.90
1207.83
1730.98
1371.16
1821.30
1934.69
1781.83
2030.54
1625.35
706.96
1555.88
661.05
1274.94
1426.32
1176.98
1642.76
1928.26
1831.23
2051.67
1378.33
1092.72
1410.49
1721.12
1626.25
1766.81
598.41
1427.92
570.33
1481.04
2023.44
1568.67
1583.47
1041.58
849.73
1701.75
1409.64
966.90
1476.93
1328.01
1949.63
1675.60
670.89
1233.24
1775.00
1327.15
1374.32
1525.37
1629.24
1199.79
666.84
240.50
1790.98
912.50
1754.44
1894.60
1607.24
1530.97
1845.78
818.82
1438.34
1447.37
1332.78
1343.51
760.37
1854.44
1666.91
1434.87
509.42
1225.89
1580.54
1508.29
1038.14
1797.78
876.99
778.44
1352.97
1245.91
1775.23
1351.23
1128.32
1917.60
2246.72
1857.43
1381.72
1116.72
653.19
1686.54
1575.10
1667.86
467.47
1753.43
1779.94
1721.03
1652.51
1761.69
984.02
516.20
1735.27
1721.37
1664.30
1430.08
1189.15
1447.78
1054.30
799.45
1952.01
1038.73
1364.83
1427.30
1188.40
1160.18
1608.13
1956.30
1418.05
612.49
1448.57
1143.34
1650.64
1547.76
1235.79
1749.59
1498.55
1560.67
2001.65
1636.11
1128.37
1405.61
2383.24
1265.01
1531.65
1485.53
1164.26
433.27
1517.12
1064.20
1600.25
817.62
1416.79
1025.38
1224.05
1517.71
704.38
1370.54
1989.73
813.92
2407.65
909.19
1173.12
992.20
1698.27
1792.40
1411.42
1547.69
1314.25
1013.63
795.12
1852.20
1229.75
1841.06
1715.70
1671.27
1124.82
1489.26
1483.54
1859.07
1236.61
1485.05
1701.06
753.30
1894.15
1944.12
1873.43
1754.18
1729.66
1165.67
1718.85
296.04
1400.12
1182.60
1345.53
827.80
1966.72
1356.03
1442.09
927.58
1788.97
943.44
164.00
920.33
1030.99
1967.06
1983.23
1787.52
1515.17
1802.98
1201.69
1606.70
978.01
1240.45
1479.83
798.02
888.46
1707.30
1284.71
752.65
1417.64
1689.78
1508.16
1628.69
1864.61
1259.52
2003.54
1657.93
1510.15
1718.50
1421.73
1342.21
790.81
1061.60
634.68
1575.65
1627.60
1724.71
1511.02
1246.76
1328.94
1299.75
588.20
1804.02
1808.03
1489.89
1704.84
1573.08
1343.82
2233.17
795.77
1297.99
830.94
1727.20
1408.23
995.52
1196.41
1690.79
1816.10
1629.97
1410.17
869.94
2110.48
887.20
1404.24
1621.46
1158.42
1505.94
1350.70
1406.46
1150.41
1047.85
1976.26
1579.05
720.52
1803.10
1342.86
1800.30
569.80
1841.47
1492.28
511.52
1133.07
557.94
287.54
1442.75
1313.24
1395.01
1658.86
1492.29
1353.75
1783.19
2048.05
613.66
1565.68
767.03
1675.86
1461.38
1102.43
917.70
1726.40
1836.30
1440.83
1419.69
1012.32
1071.90
1735.35
1425.78
1424.81
1219.56
1733.99
490.16
1057.84
951.23
921.70
1798.69
816.57
1081.84
1849.85
1511.72
1284.62
402.35
1302.14
1155.82
532.09
1145.48
843.14
1567.43
1658.55
1631.57
1359.93
1745.77
779.52
1583.07
1835.72
1636.41
1580.09
2326.21
1236.87
588.89
1423.39
1242.40
1988.17
1772.71
1519.97
985.68
1755.31
776.99
1418.74
788.14
1828.06
1443.57
1270.18
1607.68
1681.94
1825.13
1587.56
177.09
1555.31
1718.16
947.12
1033.31
1438.06
1570.59
1487.06
943.82
1769.58
1663.57
1613.22
2144.58
1934.30
1678.26
1307.66
1586.69
1677.16
1433.97
311.57
1589.16
1783.71
1333.58
1278.45
1717.60
625.13
599.50
585.50
1798.61
1319.88
