449.23
145.30
443.94
155.14
444.93
130.17
444.71
237.86
207.85
270.25
164.24
129.24
258.42
454.50
264.90
431.76
430.46
319.76
435.84
419.61
334.66
116.95
204.91
219.37
459.53
273.60
237.27
266.14
196.72
424.13
303.92
321.09
317.05
200.19
251.06
257.21
338.89
124.37
416.51
324.74
120.78
199.48
260.69
340.43
107.66
138.37
442.14
177.68
329.91
260.62
423.38
361.30
190.38
427.90
354.75
350.72
437.36
306.19
115.04
434.70
113.74
240.95
284.08
160.19
432.47
348.28
293.29
427.92
445.85
441.53
262.48
263.04
121.97
442.90
245.98
436.17
135.06
334.12
325.42
191.72
260.95
248.39
257.13
142.13
260.06
435.80
198.30
273.45
159.92
274.42
196.84
286.19
430.97
171.12
316.29
296.66
357.42
233.57
344.87
319.97
855.80
1547.15
849.99
1722.42
1276.56
609.56
1475.96
1495.12
767.88
1439.16
765.24
1559.21
1473.32
1601.38
1618.11
1512.51
804.49
750.45
1309.93
784.33
1709.10
1646.19
957.87
1115.27
796.19
1648.59
799.61
552.80
601.38
761.35
1505.98
977.57
1065.95
702.06
1421.92
783.68
1157.05
1382.99
1511.11
875.94
759.62
1046.37
1165.55
759.93
1045.55
1419.58
1646.77
1580.86
877.14
1485.29
829.01
1555.42
998.79
1524.57
1410.87
994.19
1159.02
1269.53
811.74
757.33
1381.83
623.02
1148.88
941.85
1497.72
1395.90
820.15
637.27
1708.01
473.36
783.02
923.93
845.51
1285.60
1398.11
1449.16
1597.55
710.20
641.93
844.10
1549.04
1360.31
1088.22
1721.41
1029.34
1071.73
826.34
888.64
939.77
1524.58
1571.21
1263.57
1014.96
596.63
478.25
1212.22
965.08
719.18
713.13
889.15
1844.47
1576.55
1507.45
1068.92
1610.25
1840.62
1181.07
994.08
1194.48
1787.02
1568.13
1413.80
1584.37
1125.90
1733.96
1748.42
1570.46
1098.53
1819.79
1717.18
1054.66
1465.21
1912.75
1702.61
1871.63
608.10
1451.76
1701.46
1018.75
1646.51
650.58
1542.06
1157.93
689.44
994.77
1752.07
1126.46
1636.13
1680.47
1599.61
1193.14
1579.44
763.18
1605.61
1683.19
1818.39
1974.08
1813.62
1642.29
1816.37
1281.34
885.50
1969.84
1579.08
1888.15
1128.03
1535.20
904.34
1481.76
1289.20
1530.61
800.06
1900.37
1261.01
1618.33
1734.50
1753.36
1211.66
1603.44
1907.05
1660.39
1773.15
1509.18
1104.66
994.08
945.98
1889.39
1526.52
1597.67
935.77
1830.44
1109.05
1579.40
1770.41
1557.76
1832.96
1839.44
597.02
1676.14
1075.15
2013.38
1829.02
1818.27
1958.27
1113.07
1472.46
957.13
978.56
1657.95
1692.39
1471.51
978.70
1348.10
801.12
1329.92
765.80
934.55
1446.85
1395.60
1478.55
1083.25
1299.21
1095.11
1220.47
1202.96
832.91
992.49
651.34
1116.74
1018.54
1555.07
809.61
753.47
1409.11
1498.74
1104.79
1195.94
1610.30
1134.81
1002.14
579.18
693.31
665.47
1739.11
1366.04
813.03
778.41
493.31
925.20
1029.92
714.17
858.58
1353.85
1450.82
894.45
1134.85
1461.46
686.44
1054.76
1102.72
1703.88
999.08
657.12
1101.26
666.75
708.92
1350.76
1444.66
622.30
720.60
749.71
1087.59
1804.46
1425.57
657.35
1679.76
1486.44
817.34
776.76
1137.03
1056.69
1064.52
1448.14
1340.92
1378.65
1100.63
1410.92
635.28
742.59
1335.82
740.26
964.65
1340.16
620.03
1233.84
753.24
1736.22
545.79
945.93
1321.96
649.18
932.34
677.25
1358.23
1779.60
1118.05
1381.09
773.47
1171.48
1669.38
886.18
389.17
863.86
793.35
538.74
294.17
648.57
733.90
554.17
588.63
449.50
549.90
724.94
740.16
718.80
534.24
986.57
459.73
903.25
439.38
682.46
303.26
666.23
725.94
656.02
643.04
867.85
541.64
476.84
962.49
489.96
527.63
547.07
692.81
555.38
953.58
691.36
503.83
704.35
569.11
771.53
872.89
355.89
317.88
531.54
987.32
484.92
475.17
831.87
496.10
284.47
284.74
346.98
687.49
1207.28
640.80
863.32
765.43
413.86
805.25
831.68
761.99
856.23
777.43
1301.36
473.38
886.12
1195.93
1182.91
329.94
809.36
937.94
1220.17
1035.68
750.08
747.00
1108.19
1141.48
776.04
386.47
391.34
698.91
298.13
336.11
714.98
649.17
1293.18
863.32
809.50
1156.35
542.05
568.61
426.56
795.35
367.74
337.21
1096.26
913.67
732.87
773.98
1079.06
859.09
639.14
321.11
1085.34
177.87
739.13
621.05
860.59
610.62
833.67
836.74
653.76
426.88
310.40
780.33
749.17
1281.28
844.83
409.35
1001.66
768.81
1259.52
430.71
610.56
465.48
626.98
729.83
778.19
377.08
666.99
928.79
727.68
671.49
279.81
762.54
1005.85
333.61
1170.32
617.03
846.32
1020.17
879.88
243.73
425.46
420.98
1251.56
1189.84
371.52
757.66
1476.86
1121.83
1350.00
1400.03
1277.55
473.97
667.78
775.36
1044.21
1433.11
787.11
1434.69
895.23
715.32
1442.33
655.93
735.18
604.22
915.11
1383.01
636.46
650.57
902.06
1487.13
1231.90
616.71
1472.62
639.33
1306.12
691.50
595.69
1136.66
604.29
606.40
758.45
1492.60
1388.61
906.58
1088.17
1207.10
1510.65
893.74
1040.32
1530.65
656.82
535.45
1438.55
1184.33
870.95
1355.15
1447.19
779.49
1579.58
1415.31
589.43
1443.35
872.04
637.80
793.82
1510.98
868.60
1083.04
1215.41
1542.32
1429.71
832.79
1080.54
1393.95
1382.21
633.75
1509.31
474.72
1394.64
518.36
842.37
1392.80
1358.16
753.99
1476.31
1034.05
898.98
644.26
674.61
1516.19
848.80
702.50
1478.91
1424.95
770.51
1494.94
559.00
1154.78
747.92
994.86
963.09
1155.75
616.71
1267.19
1466.53
784.46
1918.45
1862.19
1804.80
1938.49
1736.52
1999.41
1919.83
2076.64
2067.36
2160.26
2229.77
2240.34
1798.85
2185.31
1797.48
1809.74
1851.11
1931.14
1849.40
1958.72
1766.91
1850.29
1824.32
1899.75
1987.94
1784.02
1869.79
2101.86
1771.90
2258.05
1764.86
1811.79
2026.17
2058.75
2181.00
1787.96
1796.56
1851.25
1857.50
1789.13
1817.32
1870.02
2021.12
1772.96
1812.72
1796.23
1972.19
1751.85
2240.69
2264.81
1798.01
1978.24
1732.39
1821.56
1981.85
1832.85
2024.81
2188.81
1828.97
1662.69
1792.48
1849.63
1716.60
1821.87
2196.21
1926.99
1975.19
1729.69
1909.07
1790.70
2023.92
1855.98
1866.59
2191.49
1773.90
2150.13
1859.61
2266.73
2006.18
1814.49
1863.22
1808.09
1817.31
1763.38
924.20
1963.60
2005.76
1829.85
1827.84
2134.05
751.74
2196.56
1978.26
1911.24
1897.97
1816.84
2028.19
2107.15
713.87
1783.51
1344.49
1194.15
966.12
1804.78
1454.66
784.11
1190.46
1249.36
652.19
1255.26
1882.88
1561.76
1858.09
1773.11
1562.52
1982.54
1734.87
1679.43
1774.97
1402.06
1401.83
2331.16
1727.98
1874.27
1551.39
1434.07
1624.90
793.97
1899.60
1420.41
1669.82
1604.00
1758.27
1089.76
1449.26
1983.95
603.05
1821.95
1684.46
371.07
1780.79
1982.67
1243.56
695.71
1314.38
1765.17
1885.53
731.39
1599.06
1446.41
633.40
1455.64
1271.93
1985.50
1613.58
1002.53
1564.25
1838.47
1333.05
1906.20
1301.43
1130.05
667.06
126.66
1416.51
1282.08
1180.25
2044.72
1343.60
845.22
1662.37
1356.29
1401.07
531.76
1639.92
1581.56
1418.96
1727.24
711.48
1615.46
1221.79
1048.71
1494.76
1830.41
592.16
1726.17
1432.50
1740.83
941.45
1757.99
2179.94
822.14
1475.40
1334.17
1440.58
1749.69
1808.02
1256.34
1020.93
1186.70
1545.26
1846.99
1566.61
1813.73
1908.30
1834.92
1749.96
1810.39
1320.81
1755.83
1344.03
1229.86
1199.53
1444.79
1424.76
1321.28
1526.66
1432.17
1403.84
1601.02
1070.05
1571.39
1763.08
1218.38
1231.28
2047.69
1218.56
1714.89
1522.44
1893.56
556.24
1403.14
1376.05
1091.27
627.00
1472.76
1175.26
1197.56
1733.07
1219.72
820.54
1372.77
807.71
1873.79
1068.38
1953.04
1938.86
1103.23
927.59
1756.81
1701.31
1593.71
1895.31
2066.91
1477.01
761.56
1651.56
765.39
1368.34
1878.25
1871.49
829.99
645.21
1368.94
1608.86
1120.10
773.60
1681.28
1609.58
2037.76
1667.29
1870.98
981.35
1932.29
1395.29
1449.34
1733.74
1921.60
1530.55
1673.13
940.27
1853.82
1859.50
1564.20
1604.54
1413.22
606.42
1057.10
780.69
1451.22
1978.28
1840.26
1385.08
1513.45
1050.64
1494.48
1749.37
1765.75
1343.21
1715.89
1471.57
1402.79
1914.52
1530.08
1056.07
1666.29
1382.69
1545.28
1624.60
1976.44
1521.68
1682.10
1756.92
1536.34
1601.11
2244.43
1896.44
2067.07
1507.85
1013.93
1095.90
2392.69
2088.21
1745.49
1394.36
1728.67
785.54
513.40
1497.20
1574.61
1187.67
1041.79
1324.97
1829.62
1950.75
1665.86
1846.39
1988.48
2041.97
1795.79
1531.18
1682.75
1817.10
1501.56
2136.32
1636.77
1302.78
1782.40
1759.19
1877.01
697.64
744.34
1904.41
1521.05
1733.27
2157.24
1648.23
1901.13
1663.94
2063.75
1293.69
1779.96
772.95
1558.58
1668.66
699.23
1291.83
1484.37
1000.01
1927.59
1664.68
775.08
1604.82
1761.05
756.42
1239.09
1683.67
1749.18
1845.63
1452.35
1011.29
1005.82
930.95
1470.94
1423.69
837.78
721.14
1038.59
1109.13
1790.19
1477.56
1036.77
735.56
1245.91
1161.71
1557.55
595.90
1263.35
1214.25
1823.91
753.61
1335.24
1021.62
1904.58
1457.70
1573.58
1688.77
1594.49
735.28
1927.30
1706.94
1128.31
1217.55
1808.51
1545.79
1247.46
1727.77
1802.68
1692.10
1632.66
543.19
1783.61
723.70
1369.40
1337.07
1599.32
1155.43
1567.61
1811.19
1054.03
1479.70
1273.38
1847.98
1719.72
1385.39
660.69
1105.35
1853.97
1651.69
850.74
1787.13
1466.97
1151.85
1622.71
1482.32
1436.62
528.97
1117.59
1816.55
1804.33
956.35
1086.22
1861.22
1210.03
1343.95
1745.63
1627.00
1488.31
833.09
1852.18
1653.54
1807.18
1659.36
1568.26
1464.76
1595.87
1881.79
787.10
1748.99
1574.46
1527.40
1348.57
1791.58
802.79
1656.83
1399.36
1899.41
1959.80
1604.26
1667.73
1487.25
1766.50
1692.91
967.65
998.62
1260.63
1316.13
1488.39
1797.62
2032.06
1508.31
1158.98
1326.59
1153.88
1511.41
1255.15
1930.41
1747.49
1808.67
1274.95
1635.62
1636.83
276.07
2157.45
1378.82
1643.22
1641.43
1843.66
1892.88
931.76
648.98
1237.25
744.44
1819.30
702.04
1859.72
419.73
1389.47
1724.59
1532.67
1579.11
1488.12
1265.76
1751.77
1118.12
1606.14
1679.26
1481.46
1969.22
1683.95
652.05
1589.33
623.22
1613.65
1087.29
1804.05
839.72
1516.01
1331.37
989.05
1651.48
884.53
1740.78
1700.43
1634.75
1953.11
1809.06
1489.54
1195.34
1120.80
1737.22
1242.81
1542.10
1506.05
805.02
1130.56
1450.57
983.55
1796.76
1283.87
1866.73
482.77
1812.65
1437.70
1833.00
1674.91
515.90
790.48
1763.29
604.95
1022.79
1389.73
1501.47
1700.25
1377.10
1842.95
1328.06
1765.72
783.44
1521.95
1520.56
1205.54
1484.01
1637.91
1659.03
423.75
1206.19
808.39
1415.23
1487.27
1013.65
1183.46
870.31
1138.89
1058.45
1572.47
1871.22
1703.32
2173.58
1356.84
2054.89
1825.58
955.51
1247.86
830.90
1078.90
1533.51
1201.89
1848.40
1794.15
1547.76
776.66
1676.94
1252.14
1701.22
1763.25
1960.48
1271.74
1801.99
846.68
1523.83
1275.34
1168.85
1706.22
1430.09
1623.22
1724.43
916.71
1293.81
1530.21
788.15
1605.05
1347.37
871.19
1712.81
1497.33
2095.15
1206.98
546.86
1218.10
1495.82
1848.02
1810.74
1718.74
1397.65
841.51
1528.46
1700.52
1450.15
1531.73
1930.68
1375.90
1565.87
1465.30
1648.78
1828.77
1498.35
1799.39
1242.54
1098.64
1012.32
1420.40
1618.11
1027.49
1902.31
1566.90
832.01
1546.66
1944.70
1527.21
1139.35
1041.96
1541.95
1225.21
771.59
1414.43
870.68
1420.11
1313.19
1241.52
1606.51
998.11
1413.82
1272.46
1198.92
1436.64
1679.58
723.59
1669.56
1174.52
539.90
1366.29
949.42
1481.56
1104.75
1621.13
1220.36
1276.16
1319.32
1724.00
1175.97
1733.74
1248.71
1621.51
1906.99
2186.03
1620.47
1360.93
602.20
1735.13
1595.31
1476.57
1352.31
1600.02
1754.89
1572.61
1536.18
1520.58
1090.71
2027.98
1785.40
1885.37
1147.82
1269.29
1509.17
1679.17
1462.66
762.68
1699.01
1503.45
1862.68
1424.20
841.81
1739.52
1789.21
1380.51
1942.39
1485.23
1572.99
724.39
1488.60
2055.86
1516.70
1664.59
2007.14
1728.09
1528.56
1830.80
1534.71
1519.51
1529.46
1520.34
1650.53
2012.29
905.76
710.89
1753.62
1499.34
1288.42
370.28
1359.16
809.25
971.89
1851.88
929.62
1539.08
1755.04
1665.36
1391.43
1861.77
1535.15
1116.16
1503.89
1868.05
1573.29
1644.00
714.73
1367.79
929.87
1575.86
1552.66
1264.38
1415.62
1701.66
1609.96
1188.97
1680.59
1461.10
1605.46
1832.39
1190.36
1909.30
1525.83
1804.74
1133.81
2007.11
1595.97
1970.20
1243.69
1108.48
1970.01
1777.72
1531.23
961.40
1381.77
1739.95
1487.25
1570.59
1422.41
431.71
1541.62
1027.35
1357.44
1372.97
2356.65
1293.15
1451.01
1658.54
1015.49
662.63
1309.53
1530.88
1403.76
1541.11
1012.10
1098.45
1553.00
1441.05
1482.10
1465.97
1959.40
1504.42
1260.32
888.10
1519.02
1782.70
1634.38
1412.56
1523.00
648.88
1117.00
1071.57
727.40
1312.15
1612.25
1591.11
1839.20
1200.80
1725.93
777.88
1672.23
1835.61
1121.37
1958.72
1227.46
1847.71
704.32
605.63
1518.63
1114.60
1816.79
1231.81
1722.62
1676.51
1481.13
1632.44
1272.82
909.45
1820.74
1739.94
562.05
1192.98
814.46
1121.98
905.36
1458.40
1531.77
1552.63
1788.35
676.43
921.93
586.03
1464.55
998.48
1555.81
1011.13
2201.74
1616.45
227.36
1501.06
1274.56
612.33
1189.40
1436.38
899.14
1722.54
828.55
1830.58
848.26
478.14
1471.15
1067.99
1441.05
1576.49
1186.18
1664.97
464.75
595.65
1669.65
1710.61
695.57
880.73
1161.42
1427.97
1467.99
1463.11
1795.11
459.31
1346.65
857.18
1517.69
1676.68
1837.19
1676.20
1522.64
1950.20
1437.31
1963.58
1223.42
1637.50
872.93
1448.46
1455.79
768.83
1584.65
1671.52
1633.17
1758.07
1390.45
1680.71
1497.06
1205.32
1345.25
1176.43
817.42
1760.34
1594.50
1485.73
1506.22
2192.50
1822.47
1737.42
421.25
1131.87
1257.63
2156.38
1542.00
1020.73
1546.05
1014.51
1977.61
1692.53
2012.06
1596.17
1556.57
961.68
1982.71
1720.07
474.02
1343.94
874.07
1327.77
1503.01
1520.07
1496.15
1685.11
1467.62
1900.97
1356.18
1088.39
581.58
1635.72
769.50
1496.18
1555.96
1066.87
614.00
896.12
1336.11
1228.50
1623.85
1075.68
1723.14
1719.03
721.90
1508.88
1460.64
1360.69
1358.88
1302.16
1794.10
1532.09
1869.02
2180.11
1916.93
1548.63
1408.38
1124.61
1459.86
1506.20
1735.34
1756.41
600.08
1777.68
1871.16
1827.99
1817.36
1316.87
1398.22
1236.32
1215.48
1742.65
646.56
317.42
973.42
528.38
1255.01
1049.69
883.14
662.99
899.69
1624.36
1355.99
566.44
1345.69
1698.06
896.52
1795.49
1829.81
1514.36
1564.08
387.34
1493.93
1534.78
939.32
1246.64
1466.76
1194.74
1945.83
509.27
1584.46
707.38
2512.93
1223.96
1985.08
1224.62
1433.14
1378.56
1672.67
676.17
1395.38
512.89
1462.67
1778.62
1870.02
616.36
1733.32
654.99
1066.69
1018.06
1175.02
1731.96
1390.44
1459.08
1478.38
867.93
596.78
1153.39
1905.90
1821.67
1114.45
2289.37
1868.52
1646.00
976.80
1594.58
1436.01
819.31
1661.44
1049.76
1614.25
1329.88
1569.74
1617.83
1551.45
1353.24
1663.12
1742.68
1618.05
1464.87
1197.33
1576.76
1816.02
1051.84
1709.63
1224.62
874.99
1677.47
1650.95
1946.18
981.48
1200.52
1360.80
1109.53
1726.83
1191.84
1984.88
587.13
1402.28
1448.70
1435.68
1488.45
1785.19
1963.96
1587.32
1189.50
1298.56
1673.95
2165.39
485.36
2012.47
756.40
1004.87
1712.18
1119.35
1483.27
578.64
2141.19
1554.99
1947.85
2003.71
1179.94
1828.74
1535.86
1973.03
1628.73
1496.36
940.75
818.01
1610.36
802.31
1782.74
1426.24
1375.99
2488.69
1613.02
1608.42
1550.51
1081.01
1727.85
1772.82
1961.44
584.68
1120.71
1056.24
1501.93
1857.16
1693.56
1520.71
1907.20
1651.61
1488.56
1636.08
1760.08
1538.52
2082.22
967.90
1390.31
977.68
1687.29
755.49
1745.16
664.44
1332.83
830.33
1193.24
1270.66
1227.59
518.47
1431.66
1397.21
1657.36
1155.32
779.20
1131.14
1596.92
468.73
702.93
1638.35
1807.50
1381.17
1761.02
1716.06
1771.15
1642.54
1647.27
1708.10
1348.27
1775.71
1606.48
1303.22
733.95
1167.88
1126.25
1504.52
601.17
1540.50
1891.62
1772.97
1395.17
1496.82
948.18
1713.34
2293.94
1473.59
1117.50
1807.40
1148.88
1376.23
1518.09
1566.27
990.12
1194.24
2089.57
1684.09
2093.07
1425.75
1637.15
1794.95
1661.77
1951.88
1713.87
1732.05
1700.06
1381.11
1783.52
1423.20
1617.97
1341.74
1531.54
1458.53
1508.41
799.74
711.31
1751.86
1625.99
1170.45
1118.97
1107.68
1514.46
1290.79
609.34
742.19
1519.46
1683.64
1684.29
1512.61
2003.61
1785.22
2133.03
1198.38
1491.37
883.74
1339.41
993.02
1815.10
674.24
1635.82
1066.30
1771.46
884.83
1402.08
1617.19
1013.65
1503.69
1712.61
590.05
1381.11
1248.41
1477.70
1426.73
1601.99
711.99
1446.83
1663.49
269.63
736.72
1875.11
1517.82
874.10
1153.97
1824.57
695.39
708.19
1734.61
1689.79
1753.06
1906.15
1987.76
1297.23
1601.36
1242.57
1766.18
1733.81
1550.45
1639.88
2075.99
593.40
1791.53
1405.20
1660.89
1520.51
769.53
1247.18
1542.99
1596.71
828.26
1453.92
1839.69
1437.82
897.02
1524.82
1363.18
1585.65
1818.54
1910.54
697.10
248.83
841.84
1651.06
1774.61
878.11
1607.34
1558.08
1865.66
1658.16
1789.46
577.84
2007.22
1816.29
1587.47
1701.50
1919.09
1437.80
1912.98
1528.86
1168.40
1420.71
889.93
1595.06
1524.79
1755.38
1174.27
1487.85
298.39
1888.00
1458.49
1408.19
536.36
875.45
1805.91
1570.78
1713.49
968.64
1778.62
1415.11
854.87
1828.20
1339.48
972.30
776.10
1218.53
1799.06
2022.99
1377.15
628.95
1272.73
1091.92
1087.54
1758.17
1221.11
1403.41
1347.73
1488.94
1558.85
1968.97
828.32
1450.57
1877.25
1679.61
397.62
2037.82
1578.40
2174.66
1808.89
816.22
1206.96
571.25
1693.72
1697.95
768.75
1166.54
1712.07
645.06
1104.89
825.49
1742.94
1544.08
2057.47
950.38
1265.03
1221.17
1563.84
1900.47
653.46
1907.04
1405.22
1444.04
652.34
1716.50
1545.09
1940.24
1776.80
719.57
1769.91
1103.75
1837.45
1575.54
1659.36
1689.73
761.31
1164.48
1080.86
994.48
1517.27
1490.65
1797.12
1481.17
1303.04
1542.05
1253.53
1418.68
1323.55
2079.49
1077.54
1828.77
1584.10
1702.63
1464.03
1153.25
1464.72
1947.12
1746.54
832.37
1620.31
1487.04
2050.85
1669.74
1672.47
1738.95
1423.03
1483.99
1674.49
1805.45
1179.97
1574.45
824.98
1748.25
1826.68
425.21
1611.52
1878.87
1806.29
1488.74
1392.87
736.80
1218.63
1793.29
1158.41
1754.40
1174.92
823.76
1510.30
1527.43
1434.58
1785.88
1195.69
403.87
897.27
1790.12
1825.69
1733.09
1672.54
2020.31
1341.38
1519.79
1748.07
1582.51
1332.35
1470.44
1445.04
1669.74
1141.19
1543.19
1515.63
1123.90
937.58
699.66
1813.72
1221.41
1504.58
863.46
1127.29
1446.33
1596.57
1124.84
1327.42
1723.44
747.35
1889.81
990.43
752.47
1791.92
996.46
1681.92
1939.83
1110.17
1759.86
1852.41
1942.03
734.54
395.37
971.78
1532.61
1811.51
561.54
1765.49
1823.35
1282.26
1630.26
912.99
663.12
1729.96
769.72
126.55
1279.14
1860.50
1666.50
1618.75
1949.10
1753.26
2153.99
1658.89
1428.47
1282.26
1701.99
912.75
1518.86
1517.80
1818.84
1268.58
1633.02
1221.48
1620.11
1553.68
1483.25
1437.80
1208.19
1876.83
1026.19
1772.77
2163.37
813.88
1840.83
123.33
2015.61
1323.70
1723.90
1800.56
1087.54
1824.21
2044.49
1643.88
1649.80
655.28
1543.40
1697.81
1599.32
1376.34
1728.75
1118.41
2003.04
1655.15
1203.77
250.03
1906.99
544.37
267.23
1301.42
882.10
1827.68
1774.33
1455.10
1801.20
1586.05
1539.47
1556.09
1121.70
831.76
1731.04
1179.18
1638.24
1438.40
1467.56
1691.36
1666.08
1554.89
734.43
653.88
1441.52
1835.56
1068.11
708.10
1214.54
1157.82
1364.82
1048.53
1673.57
1571.47
1823.21
788.61
1843.57
846.34
1843.46
1950.17
1445.24
1246.80
1522.67
843.57
1852.59
1324.09
936.51
1605.49
1099.21
868.32
570.87
1057.58
529.99
2177.78
1860.92
1666.69
1346.47
1079.63
580.72
1522.13
1750.12
1082.06
414.64
1658.43
1779.29
582.96
1389.88
766.46
961.75
1214.60
2224.27
783.49
429.61
1254.94
1784.65
1514.83
1887.73
1898.75
1282.06
1662.47
1912.42
1261.95
944.30
1033.91
1725.53
1383.57
1579.00
957.19
1688.35
1891.60
1702.59
1137.99
1905.54
1867.56
1356.06
1700.66
1542.29
979.49
1865.92
1291.23
1250.11
1497.56
1718.58
1494.35
523.06
1561.06
805.73
1114.71
245.94
1678.21
1860.35
1691.06
1185.54
1227.96
1637.84
1813.25
1608.35
1200.73
1497.21
669.13
1688.72
1851.95
1046.72
1836.02
1231.24
1706.23
2012.03
1613.37
736.10
921.96
1524.12
1864.47
1564.00
1214.22
646.69
1340.31
1139.29
1834.89
1533.80
1790.88
1548.23
977.07
1913.85
1425.18
1635.24
999.56
1547.90
1123.14
918.60
1588.78
1618.49
1568.76
1595.52
1843.02
1177.41
765.82
960.92
1710.51
1644.47
1668.57
1391.33
1285.86
1329.19
705.96
1969.10
1097.93
1990.04
970.91
1646.40
684.77
1338.65
1213.45
948.50
445.34
1728.27
1671.90
670.56
1254.32
1793.90
2028.57
1250.34
1879.99
1583.53
1562.07
1612.50
1513.48
2126.39
1001.25
657.34
1943.57
1725.76
1566.39
1801.74
2193.52
1502.01
1651.44
1577.07
1393.85
1188.05
1256.93
1287.25
1690.00
1475.04
1962.70
1542.20
1580.68
1661.43
1650.66
866.40
1970.32
1043.16
1401.30
1445.67
1692.75
1904.61
605.75
1102.69
1408.29
1925.14
1796.67
1032.61
1864.67
1653.81
1666.13
1816.02
927.59
854.51
1826.35
309.76
1872.37
1972.90
1790.87
1722.65
1468.37
1515.47
1524.26
1852.39
242.22
1630.30
1142.62
1223.31
1969.57
1013.09
1189.70
1435.93
1637.10
1646.32
1501.07
1574.33
1550.43
1782.86
828.42
1382.07
1241.05
1240.82
675.21
708.75
864.14
1648.91
598.54
1560.82
842.15
1481.26
1962.20
1945.60
1529.35
1917.98
1520.26
1361.29
1710.45
1858.26
1151.54
611.19
1142.26
1671.02
1606.49
1821.59
2142.68
701.37
495.83
1795.48
1142.16
1799.31
1015.52
1826.01
1183.56
1571.40
1291.13
1213.88
1321.85
1586.66
1776.02
1316.13
2295.26
1497.06
1486.38
1638.21
1668.23
1907.10
1711.83
1561.03
1337.85
2272.37
1198.30
761.73
1608.09
1307.26
1673.00
855.53
1259.78
1256.75
1654.89
1642.75
1723.55
1384.60
1465.03
1572.68
542.74
1741.88
1543.82
1801.62
1895.25
590.01
580.10
1661.79
1871.35
1155.38
1910.75
771.81
1174.03
1418.16
758.51
2130.90
1440.39
1091.80
1843.44
749.82
1455.06
1047.28
814.96
1477.05
1571.00
1827.96
1516.00
1757.17
1611.18
1192.15
1868.86
1609.87
1591.86
1815.57
321.73
1750.88
1450.79
1668.78
593.43
733.82
1854.40
1888.61
1318.88
883.65
1583.90
1919.07
1713.67
1238.99
1671.13
1542.40
1217.56
1538.71
1626.38
1470.80
1168.72
1283.33
830.48
1808.89
2086.02
1536.92
1943.98
2279.11
1812.77
1586.88
1671.90
688.83
806.95
1485.75
829.34
1504.62
1452.81
1991.09
1091.71
1866.79
1634.47
1550.69
1745.91
1571.07
1781.47
313.76
1009.19
662.94
1448.37
768.31
2023.91
757.94
2221.61
1668.18
1344.06
1102.87
512.96
915.09
1664.03
1519.91
1667.33
1010.63
872.94
1437.26
1278.52
1629.99
953.83
936.22
1543.02
1544.05
2115.05
910.70
1334.00
534.26
774.45
1849.68
1498.47
1844.24
1576.96
1590.52
1519.79
1794.51
945.33
1128.56
1922.20
1465.31
1578.68
606.77
1506.56
1783.71
382.94
1855.35
1865.79
1063.26
1498.36
1056.42
1779.89
1199.94
1529.58
1499.97
1494.08
662.69
1656.99
1709.32
1630.24
931.61
1022.65
1858.18
556.72
1758.33
1971.06
870.01
1502.64
1964.93
1603.98
773.01
1747.58
1213.47
1203.48
1401.19
1852.53
986.73
1332.21
1970.76
1566.17
1255.81
1694.98
1710.64
1340.58
1092.46
1534.34
1196.91
710.71
1289.62
1458.70
394.89
1658.56
466.72
1531.53
1274.69
1797.67
1651.88
1888.34
1461.36
1525.51
389.54
873.44
1594.07
1899.14
1221.94
1613.27
1909.70
688.68
1418.01
1516.99
1184.28
1579.96
421.99
2529.43
1401.82
995.61
744.94
521.54
1945.08
1410.47
1464.87
1952.61
1798.12
1307.61
1623.62
1538.06
1045.30
1766.93
1656.98
1616.66
1549.86
1520.49
1919.25
1538.06
1771.71
1007.41
892.36
1718.23
1742.23
1420.20
945.58
2098.37
1506.08
1614.56
1594.40
1639.62
1487.12
1236.48
1578.62
1315.36
1886.88
1225.79
1777.97
1722.60
1604.78
1965.32
1338.88
1500.32
1641.36
1587.95
1425.08
907.42
1150.50
1664.38
1469.50
1843.31
1566.43
1257.41
942.24
1168.21
1105.94
1869.73
1496.31
1216.68
1843.47
1408.46
1699.45
2003.69
1886.98
1595.70
1598.20
1658.43
1226.82
611.83
1639.16
1871.18
1827.81
1747.13
2313.31
1703.42
1811.51
1268.64
1137.49
1295.45
1726.56
1606.39
1614.03
1229.00
1634.62
1709.27
945.21
1857.24
1438.71
1969.89
2312.02
1265.55
748.86
1674.20
1844.97
1810.57
1669.13
1030.32
1979.95
1739.85
1912.06
1350.50
1586.29
1865.83
469.52
675.89
1405.19
859.20
1390.92
1171.49
1785.97
1129.58
1175.47
1199.23
1218.60
1707.74
1674.11
1336.23
1226.30
1720.58
623.32
1567.05
949.27
1965.21
1501.19
1512.45
1338.90
1540.50
1765.07
1389.15
1254.30
452.13
916.46
1558.50
960.50
1442.56
1690.74
1616.73
2118.40
1900.70
1733.31
1585.09
1690.07
1426.50
1957.69
1619.15
1540.57
1884.80
1971.69
1621.38
1734.37
1545.64
1517.74
1708.28
998.34
1316.61
2051.10
1846.71
1615.06
984.53
1687.33
2002.85
1546.26
1632.35
687.05
1936.50
750.44
1733.10
716.10
1278.59
1616.91
759.31
1536.60
702.76
1894.30
1761.37
1690.32
1254.49
1109.41
1374.76
1915.38
1880.31
1487.59
1754.05
1356.59
936.24
1559.90
1238.44
1562.08
1242.38
1530.95
1886.84
1944.40
2017.91
1551.21
893.16
1829.50
1148.93
1546.30
1354.88
1708.36
1206.81
1035.40
1216.50
1696.68
1474.16
1539.00
1103.45
1677.41
1620.83
1814.01
2003.77
1926.00
520.84
1396.80
1148.28
1398.63
2128.71
861.74
1613.81
1890.53
1141.16
1300.47
1876.63
1723.71
1595.77
1669.38
577.96
859.59
1173.45
1588.11
1633.21
1689.54
1510.43
1617.52
1495.83
1582.09
786.06
1682.67
1790.83
1883.52
1922.08
1828.04
1561.00
872.69
899.60
1717.40
901.17
1450.21
1513.39
1523.95
875.95
1799.35
1967.19
1057.89
751.16
923.90
957.45
1748.47
1305.63
1756.86
1806.84
1575.59
937.02
1530.04
883.36
1411.17
1599.25
1162.74
1673.76
1516.71
1144.78
906.11
1465.28
1045.51
1927.19
1265.98
1242.35
1719.45
1487.81
785.00
1237.42
1534.12
837.58
636.91
696.69
483.53
1378.90
1762.81
701.82
1603.43
1610.45
1742.71
1566.48
1871.73
1921.61
817.27
1493.50
2295.91
1583.17
1682.20
1351.39
1329.13
1720.73
1344.33
1351.92
1017.28
1614.46
1743.14
1463.41
1186.79
1641.08
788.39
1093.70
935.75
1663.49
971.32
1366.39
829.56
941.15
1409.97
1008.15
960.25
456.10
1687.99
888.81
827.66
1856.05
711.96
2066.75
1348.47
1611.59
1850.91
1401.95
850.22
1807.80
1785.30
1843.94
672.68
1014.51
999.87
1738.43
582.30
1546.65
1732.95
1461.86
1793.15
1072.54
983.11
1556.39
1544.82
1924.88
2010.86
1491.47
1684.34
1683.02
671.91
1608.10
1049.88
1725.02
1035.83
300.16
845.51
1310.66
1740.60
1912.30
1030.14
1523.13
1335.44
852.69
1433.32
1671.03
1603.17
1600.64
1609.45
760.74
1638.18
858.20
1727.33
1171.29
1227.43
1054.31
2030.98
1337.61
1293.56
1992.78
1643.18
1242.09
1826.92
1711.57
1664.08
2017.00
1751.63
1175.93
1520.49
1490.38
1655.15
1215.49
1763.13
1253.06
1634.04
1654.08
1874.73
1789.91
2460.20
2289.66
736.88
1538.12
1797.85
1581.55
634.72
778.77
1159.17
2034.75
1352.54
1465.06
1755.40
913.03
1614.16
1538.82
1818.94
603.51
1038.04
1690.20
1768.05
908.45
1156.13
1975.70
1711.57
1787.67
1913.74
1336.66
392.50
1985.13
1436.67
1221.18
2348.51
1451.97
730.22
1238.05
1539.17
1777.75
1777.89
1784.80
945.13
1647.86
1319.38
1647.07
1789.54
1419.59
1734.81
1350.73
1862.23
829.20
776.34
1134.37
1407.92
1790.93
1124.61
1876.05
1321.93
1492.89
1468.58
1458.13
590.77
1187.26
1895.94
1790.43
1269.75
876.49
1063.29
1446.26
2236.81
854.56
1760.89
1464.94
2118.34
1482.81
1936.79
656.10
1651.48
1393.37
1224.53
1478.76
1105.94
1094.96
1594.09
1236.37
715.81
1535.30
1587.63
1694.95
1472.42
1510.37
1370.13
2218.99
1523.77
1517.46
1128.08
1175.31
1892.98
1607.51
1561.80
778.35
1453.34
1862.79
1658.35
1746.44
2059.33
877.11
1559.27
1769.48
1650.58
870.44
1994.20
628.61
1510.95
1582.48
1390.09
1239.87
846.06
1159.22
1717.94
987.13
1538.60
741.24
1510.57
1799.28
1284.90
921.39
1628.46
1626.37
1767.96
457.48
1280.23
1112.23
1778.25
1850.52
493.53
1278.11
1328.05
1675.71
1906.39
1341.79
1889.77
1832.20
1043.33
1545.62
1957.70
1574.51
1600.36
1514.45
720.64
1755.37
1438.27
1205.67
1474.59
1800.77
1406.72
438.05
1373.25
1757.47
699.53
1531.59
1592.95
1361.42
1592.28
913.86
808.01
1714.24
1666.47
1249.81
1079.99
1915.33
668.51
1910.44
605.45
1652.72
830.34
1278.27
1379.09
825.77
863.98
1471.23
763.61
1808.98
1380.56
1268.60
1862.90
1341.08
1454.38
1568.92
1367.20
1441.50
1269.82
1337.21
1706.11
854.59
738.68
860.14
588.41
2169.75
1744.59
1310.85
1272.85
491.98
1240.27
1440.74
1421.14
1306.84
2371.30
1320.53
1365.09
1624.73
1810.27
1736.78
1643.75
1764.08
1404.33
1780.29
1895.01
1495.27
1588.82
1596.75
694.65
1764.05
1287.11
1142.82
1824.33
2089.36
1840.86
1264.72
1698.64
892.85
865.47
1883.01
1323.33
1698.55
437.88
1401.44
1817.96
710.51
1593.56
1762.69
1926.12
249.92
1307.04
2058.21
2028.98
704.99
1379.15
1569.59
1881.00
1737.16
2047.02
1420.37
1533.96
838.31
1551.26
1129.00
786.66
1396.34
224.49
2027.76
656.31
694.60
1572.76
1309.13
2020.84
1362.59
1882.20
1948.08
914.19
1858.79
1626.49
2154.97
673.10
664.04
1630.39
1651.60
1609.24
634.70
1681.24
2199.36
1129.39
1117.06
644.11
1748.48
1794.22
1693.29
1825.81
1618.59
1570.51
561.22
1137.42
1790.27
2014.21
1738.39
1740.14
808.00
1621.59
1427.64
2003.03
1325.03
1390.21
1620.75
1165.90
799.26
1855.34
1266.09
1490.31
1795.44
1346.62
1271.00
1473.87
1975.76
755.18
851.56
1989.15
1766.65
629.72
1599.20
1537.45
1525.96
1828.36
1867.14
1411.21
902.05
1749.18
1481.70
696.11
735.73
1477.52
968.97
1482.94
1355.90
1542.06
1848.02
1738.77
939.98
1713.25
1653.98
1214.41
1350.81
1865.91
1775.04
1658.63
1624.16
1579.27
1976.41
1698.68
1852.60
1875.88
1212.34
1398.57
1601.29
1282.35
1732.69
1736.53
1819.80
1541.37
1693.02
2198.41
569.47
1329.01
695.26
1744.21
1522.68
1675.03
1371.43
681.48
1373.28
1376.70
1451.77
1373.07
1810.72
1928.58
1244.51
2180.54
698.48
1583.63
942.62
1623.80
1165.57
1116.88
1658.06
1566.86
1236.12
715.12
1462.31
1444.00
1467.25
1649.59
1707.89
1471.97
1765.30
1761.27
1493.08
1568.36
1391.22
1196.94
1499.46
2078.36
985.84
981.51
1862.45
741.55
1800.81
1524.10
1599.34
1364.48
1769.35
1374.42
1864.20
1852.87
1060.45
1725.91
1147.76
744.04
1447.64
869.69
1632.23
1848.77
1524.86
1480.42
1663.76
261.26
1616.82
1213.22
1322.91
1711.64
1090.37
796.36
1723.36
901.48
1332.67
1772.17
761.99
1431.78
663.21
651.82
1592.43
1666.98
1301.61
700.56
1568.44
701.33
1908.52
1675.77
1603.30
1666.50
1454.02
1487.37
769.78
1764.56
1863.44
748.94
675.62
716.77
1740.36
1749.48
1167.40
1972.99
1316.73
1289.33
1976.63
1331.26
1940.07
828.92
1439.10
1583.17
884.03
1791.56
1289.08
1157.19
1772.02
1337.83
891.67
1820.43
2081.90
1553.49
1574.61
1201.58
1101.16
1358.08
1570.26
1310.49
2015.41
1690.68
1349.31
1230.06
858.87
1814.74
1644.31
1307.61
1448.59
1897.87
2253.63
740.76
1786.79
1743.69
739.99
262.29
1634.96
1422.07
1368.16
1073.06
834.17
1597.64
1720.22
1556.13
1720.91
1687.90
1443.04
1053.61
1627.49
1029.88
1152.41
1573.39
1100.82
1092.30
685.91
946.11
1834.18
1837.51
1752.97
1865.74
1258.36
1544.06
1627.06
1230.38
1360.54
2023.78
1213.96
1732.07
1662.77
2048.28
1556.06
1417.91
1507.28
2005.72
925.77
851.21
1455.95
1611.33
982.42
985.64
1234.99
1241.49
1803.67
1478.74
1211.58
1856.77
1653.54
1633.32
244.76
440.14
1738.97
1747.40
996.67
1788.69
812.06
1043.21
721.89
1643.59
1253.32
2063.81
850.29
1492.14
1484.25
712.14
1921.99
1178.48
670.25
1345.22
1743.78
1638.50
1277.95
1910.45
1454.78
654.79
1815.34
1840.14
1411.17
2257.45
1304.65
2207.27
1292.84
1754.04
989.68
1444.35
795.70
1275.96
1601.78
1554.62
1314.83
1502.24
725.90
787.80
1482.86
1171.68
1722.34
1926.42
1549.93
758.28
1262.05
1179.25
821.56
1658.77
937.34
1518.33
1457.48
1415.44
1409.26
1707.99
925.53
1072.41
1858.84
1377.84
1905.52
1055.65
835.11
1889.37
1003.27
1399.79
1670.09
1751.44
1317.85
232.93
1859.14
1406.04
1877.22
1338.46
1527.87
1321.01
1991.71
1788.13
1681.15
1601.37
1874.86
767.93
1942.23
1508.29
1555.99
1784.14
1814.86
1455.94
1325.28
1815.97
1822.38
1129.39
1726.83
1372.41
1014.48
851.50
1445.08
1994.73
1160.03
313.93
1805.54
801.15
1569.51
1403.55
1087.71
1613.63
1529.03
1657.35
1103.24
1688.96
1412.25
1125.98
1129.07
1472.35
1504.45
1525.72
419.77
1288.42
882.02
1774.20
1285.58
1598.81
1211.19
2199.58
1761.23
1225.18
1912.96
1218.96
760.59
1526.40
1223.36
1338.11
1541.58
1313.59
693.95
1602.53
1420.92
940.95
1818.10
1276.27
1798.64
1120.46
1457.01
1152.47
1875.75
1542.30
1908.01
1602.62
1664.08
841.45
936.25
1623.10
810.72
1421.14
1098.18
1234.08
1135.12
1890.27
1837.48
1543.01
1159.80
940.58
1639.88
2282.28
1827.03
678.60
1229.40
1077.02
1540.61
1511.70
1642.13
1588.34
1526.96
248.44
1516.26
1818.19
1419.48
1712.29
1107.44
1834.75
1823.05
1042.43
570.56
2220.26
1179.07
1771.44
1761.91
1430.18
1813.03
1356.66
1660.17
1729.19
453.50
1330.45
271.60
1639.19
840.04
896.24
1819.54
1860.08
864.24
1443.88
1589.79
1988.21
1811.61
282.62
1619.49
990.31
1867.09
1334.00
1811.08
1944.33
2055.70
1449.62
1752.47
1245.55
1465.62
664.58
1731.05
1483.69
968.63
1216.23
1761.04
1387.16
1733.29
227.94
1706.92
1736.29
1004.86
1095.69
791.23
1465.90
1192.99
1235.27
1246.81
1068.64
1568.44
1529.90
1152.23
1335.74
1539.17
1396.12
1598.52
1421.51
1708.87
2139.90
1175.00
1214.09
955.86
1599.73
821.73
642.59
1273.81
803.70
1816.99
1429.41
1042.71
1700.18
1158.08
2017.03
1307.59
1260.02
1345.73
791.45
1347.83
1336.77
1401.75
1878.38
855.54
1286.11
1422.64
1729.25
584.69
1480.60
1425.42
893.61
1956.59
1778.82
1178.33
1401.99
490.54
1658.03
1696.76
1370.28
1287.27
758.87
2035.03
1170.27
1875.45
1255.29
879.28
1948.18
1370.59
1541.98
1207.18
1561.04
1540.95
1284.73
1251.84
831.58
1378.78
1365.69
1047.52
1453.13
816.43
1409.15
1129.17
1334.00
1405.47
1689.18
1925.07
705.71
1282.73
1975.63
939.97
1696.31
1171.09
1749.85
1324.76
1229.83
1571.64
1632.32
1756.45
852.46
1224.46
2073.37
1706.25
1745.17
1443.20
1959.57
1801.24
2099.54
1567.68
1606.41
1592.23
1828.22
1438.14
1153.75
1447.36
1475.03
1315.88
632.91
1161.98
1929.81
1266.01
1675.81
1909.60
827.08
1615.59
863.64
1617.26
1864.63
434.57
1537.79
1409.49
1600.06
1625.44
1185.59
1416.01
738.21
550.22
1308.09
1811.74
2037.37
1750.23
1816.18
1479.34
1750.09
1704.72
2161.52
867.09
1807.23
589.34
956.56
933.00
1499.29
1040.28
1587.90
1204.88
1624.09
1570.08
1784.07
1381.01
1400.97
1732.88
1307.50
1574.75
1882.38
1727.79
1016.37
1204.08
1749.80
1265.44
1369.92
848.24
892.18
1544.22
1789.23
1012.67
799.97
1214.64
1713.24
1452.46
1381.87
960.51
1857.05
1566.94
1578.04
1633.99
1429.00
1283.80
770.72
1511.37
902.66
847.89
1834.71
870.70
1285.89
2007.05
885.08
1317.76
1015.55
873.47
1094.29
1289.70
1591.99
1567.20
811.67
1502.77
1830.02
1429.36
1329.60
1692.25
1598.53
2039.77
1250.44
1026.18
1421.47
1731.51
1281.39
1322.61
1671.97
1134.77
535.77
1726.98
1638.39
859.32
1172.68
1200.22
947.73
1624.10
684.10
1284.05
1318.66
1565.43
1603.88
1732.17
1736.26
1428.08
1429.91
1711.95
1795.67
1689.55
1721.84
1854.91
1593.43
1713.33
1197.71
1616.93
1350.52
1340.20
1734.19
1274.53
1286.43
1740.85
682.00
1826.86
1216.80
989.79
1164.81
1955.76
1563.86
1510.30
1571.89
1440.60
1613.72
870.23
1394.41
924.99
1487.97
1745.51
1030.90
1466.77
1497.68
994.35
1265.34
865.64
1554.45
1636.70
787.11
1209.97
767.95
1676.31
506.48
1082.16
866.69
1455.65
1551.48
1990.05
1999.55
1346.44
969.98
779.69
945.28
1952.07
1594.15
1342.48
1397.06
1517.99
1278.94
1906.94
1608.59
1068.38
2221.17
2222.20
2115.99
1624.15
1576.57
858.82
1552.37
1261.33
1571.95
1513.21
1009.30
560.59
2013.62
1431.46
778.72
1495.07
1628.71
1255.44
1611.96
1897.03
1057.34
815.15
1392.04
1751.51
671.44
652.91
611.28
1802.62
1714.43
1355.79
1849.93
1266.95
1957.95
1601.33
1427.95
1664.10
1968.35
1612.36
1315.44
1542.40
866.79
776.98
1518.77
1579.48
1607.79
1571.41
892.58
1888.21
1848.70
1734.16
2045.86
1681.25
1762.20
1447.27
2438.39
1771.16
1265.15
783.41
770.48
1738.87
1087.03
1689.03
1755.89
1495.21
1239.92
1447.13
1455.42
1475.06
799.33
1330.48
1837.98
783.29
1739.02
1012.22
1638.47
1516.90
1198.84
735.96
1529.33
1473.92
1409.95
1533.01
1264.79
1907.61
1332.25
1576.21
1393.64
1827.67
947.88
1850.61
1741.34
1518.77
651.57
580.85
1935.07
1156.82
802.27
1545.31
945.45
1525.34
790.70
1533.12
1816.67
1705.16
1535.94
1844.08
1771.97
1364.69
1446.30
1483.30
1431.34
1238.80
1164.55
1520.71
1377.70
1302.52
1644.35
1657.71
1283.62
1732.97
1782.83
620.72
736.38
1781.28
1495.60
1378.24
1818.55
1770.63
1246.60
1162.03
1642.92
1403.85
994.26
1891.17
1495.70
1801.00
1505.03
1792.27
1175.11
1474.95
1639.62
1740.50
2180.14
989.14
627.72
1333.19
1445.14
886.89
735.13
1726.61
1185.22
1832.90
1305.93
1751.82
1859.88
1736.03
871.38
1497.84
1696.20
1160.14
692.62
615.68
1235.02
1846.08
1788.07
798.09
1367.59
1566.84
1691.28
1606.63
1951.77
2075.91
1889.85
1479.32
1950.51
991.38
1122.83
557.87
1754.89
1499.56
1329.74
1519.34
1602.26
2231.54
1885.64
1787.59
1541.60
1470.10
1556.12
1604.12
2099.28
1942.57
1402.80
739.36
1702.00
1517.25
1216.63
1408.22
1407.36
1934.16
1208.56
1101.56
1286.14
483.86
1584.91
1558.94
1658.82
1486.91
1221.88
1164.15
1412.02
1000.32
501.47
1534.83
839.36
1622.61
1025.12
1929.29
503.89
1724.83
1869.51
1727.35
1630.64
1961.92
1275.95
1806.06
458.15
1257.56
2201.34
1086.81
1285.47
1501.78
1539.71
463.12
1462.12
1485.20
1333.75
1870.20
1915.48
352.50
1522.01
543.04
1610.06
1381.06
1613.56
1450.97
1779.01
2019.96
561.49
183.92
1414.57
1256.55
1214.63
1478.60
870.79
1766.78
868.67
1696.09
1562.86
782.85
833.55
1236.22
1750.61
1962.31
789.66
1664.62
1555.81
1124.19
617.78
718.91
1497.20
1263.02
1061.46
1433.54
860.80
1628.34
648.70
1289.17
1753.69
1613.93
2216.98
1684.62
1506.20
866.56
1744.37
783.54
1629.03
1129.81
1664.08
1306.77
1272.51
1439.33
1582.21
1613.60
1438.62
1941.42
1842.46
1886.12
794.94
1823.50
1351.86
1450.15
1923.19
1784.65
1745.79
457.52
1206.45
1261.68
1797.27
1418.52
1837.26
1707.41
783.65
1603.28
1688.43
1821.47
1060.82
1068.73
822.30
1495.15
2211.80
1091.58
1774.00
1605.87
1213.10
598.35
1730.39
772.02
1485.82
587.79
1114.59
1152.32
1272.95
1873.70
2119.84
943.64
1701.34
865.79
677.04
1030.51
1226.30
782.21
1573.33
1812.90
1244.33
1400.27
1225.86
1308.72
1484.27
1513.31
1180.36
1282.73
1342.32
396.25
585.25
1583.24
1245.19
1172.12
1138.99
1377.06
1219.05
873.46
1790.44
779.58
946.26
1511.33
1658.97
1532.80
1168.87
1554.92
1690.12
1614.72
1429.18
1900.58
1413.42
1770.49
1770.10
957.51
1748.14
1505.51
1796.41
1446.12
1241.96
1719.76
1387.29
1807.98
1945.53
1778.21
2096.61
1672.51
672.67
1552.63
664.16
1232.17
1463.81
1171.48
1648.33
1912.88
1845.65
2038.75
1375.71
941.96
1413.11
1693.64
1666.09
1774.86
605.50
1428.32
564.41
1496.46
2026.59
1545.48
1587.56
1033.79
833.90
1712.43
1399.93
1035.03
1484.09
1341.82
1925.02
1648.93
673.97
1221.35
1790.79
1295.15
1336.77
1528.95
1640.77
1248.12
673.44
270.05
1762.88
887.77
1735.08
1892.66
1599.72
1511.89
1925.18
781.06
1346.94
1435.42
1326.92
1305.48
728.79
1821.54
1645.67
1454.35
497.68
1228.54
1607.21
1493.91
1012.69
1798.38
861.67
784.34
1366.85
1251.22
1800.83
1347.83
1129.26
1879.70
2241.38
1895.97
1390.45
1130.21
660.19
1634.11
1594.94
1676.34
411.82
1760.14
1781.81
1712.04
1691.03
1761.35
953.31
577.07
1719.89
1683.27
1660.85
1426.38
1192.26
1453.69
1048.17
814.73
1959.70
1069.67
1376.19
1440.77
1138.24
1171.85
1589.41
1904.34
1424.75
593.91
1448.42
1110.94
1656.69
1518.20
1300.96
1742.77
1501.24
1555.65
1971.86
1640.33
1056.54
1418.87
2413.67
1237.51
1548.60
1492.95
1177.96
495.11
1520.70
1073.78
1577.65
812.40
1405.91
1010.04
1229.26
1527.60
718.72
1359.01
1999.09
821.41
2310.37
910.23
1128.69
1006.76
1673.51
1884.26
1381.85
1528.68
1285.04
984.03
806.25
1900.86
1236.49
1858.24
1680.94
1668.25
1130.83
1454.57
1518.72
1836.50
1264.05
1360.28
1718.84
714.43
1885.87
1965.81
1877.23
1734.32
1744.53
1137.70
1691.18
264.83
1400.73
1195.08
1347.47
875.51
1989.46
1361.46
1435.00
923.03
1761.97
963.38
150.98
947.67
972.86
1955.72
1942.15
1756.47
1525.10
1782.22
1212.59
1593.32
1013.73
1186.15
1492.03
788.02
942.09
1743.64
1322.73
751.25
1410.39
1690.04
1500.78
1665.22
1884.23
1244.02
1972.82
1625.22
1505.25
1733.17
1427.49
1338.62
781.64
1036.74
628.33
1584.03
1640.78
1742.81
1518.42
1222.74
1342.15
1303.90
592.81
1803.49
1861.25
1489.41
1729.87
1566.77
1347.30
2249.20
846.55
1281.33
853.30
1719.34
1418.81
990.40
1203.80
1694.99
1816.89
1633.40
1480.91
847.76
2071.07
941.20
1421.67
1604.61
1122.46
1521.70
1324.63
1412.10
1138.89
1037.24
1961.90
1557.66
709.10
1831.22
1331.71
1805.54
564.32
1798.89
1620.84
497.81
1083.69
547.24
234.93
1434.62
1319.07
1398.86
1678.39
1500.72
1321.86
1752.83
2073.62
635.74
1575.95
755.46
1677.17
1467.81
1198.89
974.42
1726.53
1869.11
1462.84
1425.30
1039.17
1068.93
1725.22
1407.20
1406.02
1210.67
1736.72
512.46
990.73
941.39
944.40
1807.15
848.20
1066.76
1875.53
1517.88
1264.20
444.92
1298.01
1258.42
546.32
1172.12
830.78
1602.02
1664.78
1748.20
1376.55
1722.33
803.49
1563.26
1836.77
1624.01
1577.79
2321.15
1246.28
638.24
1453.18
1267.80
1981.70
1744.04
1507.63
985.88
1754.32
747.26
1426.03
856.51
1875.52
1432.84
1331.11
1585.92
1717.67
1854.28
1581.12
171.59
1555.23
1708.69
933.74
1038.34
1418.32
1558.12
1380.05
933.07
1797.14
1658.25
1626.93
2062.41
1907.97
1666.46
1300.52
1617.49
1660.21
1414.15
325.50
1570.92
1797.31
1344.99
1315.05
1722.73
651.52
595.19
567.72
1863.63
1270.03
